# 3D point list with one line of data per point:
#   POINT3D_ID, X, Y, Z, R, G, B, ERROR, TRACK[] as (IMAGE_ID, POINT2D_IDX)
# Number of points: 500, mean track length: 0
1 0.792576 -0.310229 -0.572771 66 66 66 0 1 0 2 0 3 0 4 0 5 0 6 0 7 0 8 0 9 0 10 0 11 0 12 0 13 0 14 0 15 0 16 0 17 0 18 0 19 0 20 0
2 -0.496654 0.802367 -0.279899 44 44 44 0 1 1 2 1 3 1 4 1 5 1 6 1 7 1 8 1 9 1 10 1 11 1 12 1 13 1 14 1 15 1 16 1 17 1 18 1 19 1 20 1
3 0.199691 0.174402 0.899416 5 5 5 0 1 2 2 2 3 2 4 2 5 2 6 2 7 2 8 2 9 2 10 2 11 2 12 2 13 2 14 2 15 2 16 2 17 2 18 2 19 2 20 2
4 0.794111 0.393721 -0.070202 69 69 69 0 1 3 2 3 3 3 4 3 5 3 6 3 7 3 8 3 9 3 10 3 11 3 12 3 13 3 14 3 15 3 16 3 17 3 18 3 19 3 20 3
5 -0.675241 -0.856220 0.163831 38 38 38 0 1 4 2 4 3 4 4 4 5 4 6 4 7 4 8 4 9 4 10 4 11 4 12 4 13 4 14 4 15 4 16 4 17 4 18 4 19 4 20 4
6 0.432811 0.041127 0.523669 50 50 50 0 1 5 2 5 3 5 4 5 5 5 6 5 7 5 8 5 9 5 10 5 11 5 12 5 13 5 14 5 15 5 16 5 17 5 18 5 19 5 20 5
7 -0.412841 0.103117 -0.907009 38 38 38 0 1 6 2 6 3 6 4 6 5 6 6 6 7 6 8 6 9 6 10 6 11 6 12 6 13 6 14 6 15 6 16 6 17 6 18 6 19 6 20 6
8 -0.565441 -0.378912 0.645139 58 58 58 0 1 7 2 7 3 7 4 7 5 7 6 7 7 7 8 7 9 7 10 7 11 7 12 7 13 7 14 7 15 7 16 7 17 7 18 7 19 7 20 7
9 0.465080 0.777213 0.600706 41 41 41 0 1 8 2 8 3 8 4 8 5 8 6 8 7 8 8 8 9 8 10 8 11 8 12 8 13 8 14 8 15 8 16 8 17 8 18 8 19 8 20 8
10 0.261600 0.361385 -0.805803 30 30 30 0 1 9 2 9 3 9 4 9 5 9 6 9 7 9 8 9 9 9 10 9 11 9 12 9 13 9 14 9 15 9 16 9 17 9 18 9 19 9 20 9
11 -0.909178 -0.509303 -0.289415 65 65 65 0 1 10 2 10 3 10 4 10 5 10 6 10 7 10 8 10 9 10 10 10 11 10 12 10 13 10 14 10 15 10 16 10 17 10 18 10 19 10 20 10
12 -0.428967 0.895622 -0.206668 41 41 41 0 1 11 2 11 3 11 4 11 5 11 6 11 7 11 8 11 9 11 10 11 11 11 12 11 13 11 14 11 15 11 16 11 17 11 18 11 19 11 20 11
13 0.415132 0.213681 -0.867081 11 11 11 0 1 12 2 12 3 12 4 12 5 12 6 12 7 12 8 12 9 12 10 12 11 12 12 12 13 12 14 12 15 12 16 12 17 12 18 12 19 12 20 12
14 0.308673 0.752812 -0.964778 33 33 33 0 1 13 2 13 3 13 4 13 5 13 6 13 7 13 8 13 9 13 10 13 11 13 12 13 13 13 14 13 15 13 16 13 17 13 18 13 19 13 20 13
15 0.106286 0.561457 0.988900 6 6 6 0 1 14 2 14 3 14 4 14 5 14 6 14 7 14 8 14 9 14 10 14 11 14 12 14 13 14 14 14 15 14 16 14 17 14 18 14 19 14 20 14
16 0.088444 0.609520 1.078466 5 5 5 0 1 15 2 15 3 15 4 15 5 15 6 15 7 15 8 15 9 15 10 15 11 15 12 15 13 15 14 15 15 15 16 15 17 15 18 15 19 15 20 15
17 -0.196377 -0.462485 0.955137 11 11 11 0 1 16 2 16 3 16 4 16 5 16 6 16 7 16 8 16 9 16 10 16 11 16 12 16 13 16 14 16 15 16 16 16 17 16 18 16 19 16 20 16
18 0.826897 0.096719 0.546415 60 60 60 0 1 17 2 17 3 17 4 17 5 17 6 17 7 17 8 17 9 17 10 17 11 17 12 17 13 17 14 17 15 17 16 17 17 17 18 17 19 17 20 17
19 -0.921708 0.458293 -0.343227 76 76 76 0 1 18 2 18 3 18 4 18 5 18 6 18 7 18 8 18 9 18 10 18 11 18 12 18 13 18 14 18 15 18 16 18 17 18 18 18 19 18 20 18
20 0.355695 -0.756242 0.552201 56 56 56 0 1 19 2 19 3 19 4 19 5 19 6 19 7 19 8 19 9 19 10 19 11 19 12 19 13 19 14 19 15 19 16 19 17 19 18 19 19 19 20 19
21 1.095101 -0.181159 -0.694158 61 61 61 0 1 20 2 20 3 20 4 20 5 20 6 20 7 20 8 20 9 20 10 20 11 20 12 20 13 20 14 20 15 20 16 20 17 20 18 20 19 20 20 20
22 -0.573363 -0.582341 -0.405729 39 39 39 0 1 21 2 21 3 21 4 21 5 21 6 21 7 21 8 21 9 21 10 21 11 21 12 21 13 21 14 21 15 21 16 21 17 21 18 21 19 21 20 21
23 -0.326130 -0.614307 -0.606868 42 42 42 0 1 22 2 22 3 22 4 22 5 22 6 22 7 22 8 22 9 22 10 22 11 22 12 22 13 22 14 22 15 22 16 22 17 22 18 22 19 22 20 22
24 0.858806 -0.566041 -0.261722 59 59 59 0 1 23 2 23 3 23 4 23 5 23 6 23 7 23 8 23 9 23 10 23 11 23 12 23 13 23 14 23 15 23 16 23 17 23 18 23 19 23 20 23
25 -0.686926 0.343759 0.859720 27 27 27 0 1 24 2 24 3 24 4 24 5 24 6 24 7 24 8 24 9 24 10 24 11 24 12 24 13 24 14 24 15 24 16 24 17 24 18 24 19 24 20 24
26 0.834772 0.344027 0.220168 61 61 61 0 1 25 2 25 3 25 4 25 5 25 6 25 7 25 8 25 9 25 10 25 11 25 12 25 13 25 14 25 15 25 16 25 17 25 18 25 19 25 20 25
27 0.004383 -0.780395 0.783162 21 21 21 0 1 26 2 26 3 26 4 26 5 26 6 26 7 26 8 26 9 26 10 26 11 26 12 26 13 26 14 26 15 26 16 26 17 26 18 26 19 26 20 26
28 -0.195699 -0.033687 -1.214381 19 19 19 0 1 27 2 27 3 27 4 27 5 27 6 27 7 27 8 27 9 27 10 27 11 27 12 27 13 27 14 27 15 27 16 27 17 27 18 27 19 27 20 27
29 -0.403043 -0.060003 -0.924592 17 17 17 0 1 28 2 28 3 28 4 28 5 28 6 28 7 28 8 28 9 28 10 28 11 28 12 28 13 28 14 28 15 28 16 28 17 28 18 28 19 28 20 28
30 0.699453 -0.082139 -0.608494 54 54 54 0 1 29 2 29 3 29 4 29 5 29 6 29 7 29 8 29 9 29 10 29 11 29 12 29 13 29 14 29 15 29 16 29 17 29 18 29 19 29 20 29
31 -0.286911 0.022217 -1.171607 16 16 16 0 1 30 2 30 3 30 4 30 5 30 6 30 7 30 8 30 9 30 10 30 11 30 12 30 13 30 14 30 15 30 16 30 17 30 18 30 19 30 20 30
32 1.027556 0.449351 -0.255753 62 62 62 0 1 31 2 31 3 31 4 31 5 31 6 31 7 31 8 31 9 31 10 31 11 31 12 31 13 31 14 31 15 31 16 31 17 31 18 31 19 31 20 31
33 -0.164081 -0.731587 0.802359 30 30 30 0 1 32 2 32 3 32 4 32 5 32 6 32 7 32 8 32 9 32 10 32 11 32 12 32 13 32 14 32 15 32 16 32 17 32 18 32 19 32 20 32
34 -0.113502 -0.211442 -1.066240 2 2 2 0 1 33 2 33 3 33 4 33 5 33 6 33 7 33 8 33 9 33 10 33 11 33 12 33 13 33 14 33 15 33 16 33 17 33 18 33 19 33 20 33
35 1.000413 -0.146505 -0.303802 72 72 72 0 1 34 2 34 3 34 4 34 5 34 6 34 7 34 8 34 9 34 10 34 11 34 12 34 13 34 14 34 15 34 16 34 17 34 18 34 19 34 20 34
36 0.083406 0.657741 -0.911591 4 4 4 0 1 35 2 35 3 35 4 35 5 35 6 35 7 35 8 35 9 35 10 35 11 35 12 35 13 35 14 35 15 35 16 35 17 35 18 35 19 35 20 35
37 -0.559521 0.032249 1.210884 43 43 43 0 1 36 2 36 3 36 4 36 5 36 6 36 7 36 8 36 9 36 10 36 11 36 12 36 13 36 14 36 15 36 16 36 17 36 18 36 19 36 20 36
38 -1.170134 0.023898 0.234815 79 79 79 0 1 37 2 37 3 37 4 37 5 37 6 37 7 37 8 37 9 37 10 37 11 37 12 37 13 37 14 37 15 37 16 37 17 37 18 37 19 37 20 37
39 -0.704531 1.026247 -0.111640 32 32 32 0 1 38 2 38 3 38 4 38 5 38 6 38 7 38 8 38 9 38 10 38 11 38 12 38 13 38 14 38 15 38 16 38 17 38 18 38 19 38 20 38
40 -0.120673 -0.132675 0.965523 9 9 9 0 1 39 2 39 3 39 4 39 5 39 6 39 7 39 8 39 9 39 10 39 11 39 12 39 13 39 14 39 15 39 16 39 17 39 18 39 19 39 20 39
41 -0.150746 -0.486354 -0.770549 2 2 2 0 1 40 2 40 3 40 4 40 5 40 6 40 7 40 8 40 9 40 10 40 11 40 12 40 13 40 14 40 15 40 16 40 17 40 18 40 19 40 20 40
42 0.364348 0.805802 0.260270 28 28 28 0 1 41 2 41 3 41 4 41 5 41 6 41 7 41 8 41 9 41 10 41 11 41 12 41 13 41 14 41 15 41 16 41 17 41 18 41 19 41 20 41
43 -1.022782 0.450935 -0.310038 58 58 58 0 1 42 2 42 3 42 4 42 5 42 6 42 7 42 8 42 9 42 10 42 11 42 12 42 13 42 14 42 15 42 16 42 17 42 18 42 19 42 20 42
44 -0.502969 0.096877 -1.068567 29 29 29 0 1 43 2 43 3 43 4 43 5 43 6 43 7 43 8 43 9 43 10 43 11 43 12 43 13 43 14 43 15 43 16 43 17 43 18 43 19 43 20 43
45 0.632155 0.850598 1.037190 26 26 26 0 1 44 2 44 3 44 4 44 5 44 6 44 7 44 8 44 9 44 10 44 11 44 12 44 13 44 14 44 15 44 16 44 17 44 18 44 19 44 20 44
46 0.217559 -0.041548 1.004606 23 23 23 0 1 45 2 45 3 45 4 45 5 45 6 45 7 45 8 45 9 45 10 45 11 45 12 45 13 45 14 45 15 45 16 45 17 45 18 45 19 45 20 45
47 -0.645614 -0.299915 1.210762 23 23 23 0 1 46 2 46 3 46 4 46 5 46 6 46 7 46 8 46 9 46 10 46 11 46 12 46 13 46 14 46 15 46 16 46 17 46 18 46 19 46 20 46
48 0.999005 0.477940 0.057077 64 64 64 0 1 47 2 47 3 47 4 47 5 47 6 47 7 47 8 47 9 47 10 47 11 47 12 47 13 47 14 47 15 47 16 47 17 47 18 47 19 47 20 47
49 -0.002567 0.778228 -0.348588 23 23 23 0 1 48 2 48 3 48 4 48 5 48 6 48 7 48 8 48 9 48 10 48 11 48 12 48 13 48 14 48 15 48 16 48 17 48 18 48 19 48 20 48
50 0.324233 -0.188775 0.894751 35 35 35 0 1 49 2 49 3 49 4 49 5 49 6 49 7 49 8 49 9 49 10 49 11 49 12 49 13 49 14 49 15 49 16 49 17 49 18 49 19 49 20 49
51 0.570920 -0.315974 0.999647 21 21 21 0 1 50 2 50 3 50 4 50 5 50 6 50 7 50 8 50 9 50 10 50 11 50 12 50 13 50 14 50 15 50 16 50 17 50 18 50 19 50 20 50
52 0.773806 -0.464845 0.879199 58 58 58 0 1 51 2 51 3 51 4 51 5 51 6 51 7 51 8 51 9 51 10 51 11 51 12 51 13 51 14 51 15 51 16 51 17 51 18 51 19 51 20 51
53 -0.346649 -0.479089 -0.884316 30 30 30 0 1 52 2 52 3 52 4 52 5 52 6 52 7 52 8 52 9 52 10 52 11 52 12 52 13 52 14 52 15 52 16 52 17 52 18 52 19 52 20 52
54 -0.791873 0.850273 0.168205 72 72 72 0 1 53 2 53 3 53 4 53 5 53 6 53 7 53 8 53 9 53 10 53 11 53 12 53 13 53 14 53 15 53 16 53 17 53 18 53 19 53 20 53
55 0.834457 0.291751 0.614829 50 50 50 0 1 54 2 54 3 54 4 54 5 54 6 54 7 54 8 54 9 54 10 54 11 54 12 54 13 54 14 54 15 54 16 54 17 54 18 54 19 54 20 54
56 0.265680 -0.117954 0.823109 10 10 10 0 1 55 2 55 3 55 4 55 5 55 6 55 7 55 8 55 9 55 10 55 11 55 12 55 13 55 14 55 15 55 16 55 17 55 18 55 19 55 20 55
57 -0.066241 -0.069269 -1.118641 8 8 8 0 1 56 2 56 3 56 4 56 5 56 6 56 7 56 8 56 9 56 10 56 11 56 12 56 13 56 14 56 15 56 16 56 17 56 18 56 19 56 20 56
58 0.012215 -0.653385 -0.070212 26 26 26 0 1 57 2 57 3 57 4 57 5 57 6 57 7 57 8 57 9 57 10 57 11 57 12 57 13 57 14 57 15 57 16 57 17 57 18 57 19 57 20 57
59 0.300868 0.200452 1.276333 4 4 4 0 1 58 2 58 3 58 4 58 5 58 6 58 7 58 8 58 9 58 10 58 11 58 12 58 13 58 14 58 15 58 16 58 17 58 18 58 19 58 20 58
60 -0.463624 -0.805417 0.937305 13 13 13 0 1 59 2 59 3 59 4 59 5 59 6 59 7 59 8 59 9 59 10 59 11 59 12 59 13 59 14 59 15 59 16 59 17 59 18 59 19 59 20 59
61 0.076992 -0.398097 1.226007 10 10 10 0 1 60 2 60 3 60 4 60 5 60 6 60 7 60 8 60 9 60 10 60 11 60 12 60 13 60 14 60 15 60 16 60 17 60 18 60 19 60 20 60
62 -0.575094 0.188404 -0.464747 59 59 59 0 1 61 2 61 3 61 4 61 5 61 6 61 7 61 8 61 9 61 10 61 11 61 12 61 13 61 14 61 15 61 16 61 17 61 18 61 19 61 20 61
63 0.496614 0.804760 0.666232 30 30 30 0 1 62 2 62 3 62 4 62 5 62 6 62 7 62 8 62 9 62 10 62 11 62 12 62 13 62 14 62 15 62 16 62 17 62 18 62 19 62 20 62
64 0.062575 -0.873543 -0.974574 5 5 5 0 1 63 2 63 3 63 4 63 5 63 6 63 7 63 8 63 9 63 10 63 11 63 12 63 13 63 14 63 15 63 16 63 17 63 18 63 19 63 20 63
65 -0.533142 -0.433543 0.564573 36 36 36 0 1 64 2 64 3 64 4 64 5 64 6 64 7 64 8 64 9 64 10 64 11 64 12 64 13 64 14 64 15 64 16 64 17 64 18 64 19 64 20 64
66 -0.289230 -0.059414 1.218720 3 3 3 0 1 65 2 65 3 65 4 65 5 65 6 65 7 65 8 65 9 65 10 65 11 65 12 65 13 65 14 65 15 65 16 65 17 65 18 65 19 65 20 65
67 0.184819 -0.385563 0.747983 27 27 27 0 1 66 2 66 3 66 4 66 5 66 6 66 7 66 8 66 9 66 10 66 11 66 12 66 13 66 14 66 15 66 16 66 17 66 18 66 19 66 20 66
68 0.293923 -0.059187 -0.709365 54 54 54 0 1 67 2 67 3 67 4 67 5 67 6 67 7 67 8 67 9 67 10 67 11 67 12 67 13 67 14 67 15 67 16 67 17 67 18 67 19 67 20 67
69 -0.045095 -0.101747 -1.417423 4 4 4 0 1 68 2 68 3 68 4 68 5 68 6 68 7 68 8 68 9 68 10 68 11 68 12 68 13 68 14 68 15 68 16 68 17 68 18 68 19 68 20 68
70 0.713796 0.607941 0.206404 49 49 49 0 1 69 2 69 3 69 4 69 5 69 6 69 7 69 8 69 9 69 10 69 11 69 12 69 13 69 14 69 15 69 16 69 17 69 18 69 19 69 20 69
71 -1.010875 -0.081664 0.833727 69 69 69 0 1 70 2 70 3 70 4 70 5 70 6 70 7 70 8 70 9 70 10 70 11 70 12 70 13 70 14 70 15 70 16 70 17 70 18 70 19 70 20 70
72 0.509528 -0.041690 0.764736 66 66 66 0 1 71 2 71 3 71 4 71 5 71 6 71 7 71 8 71 9 71 10 71 11 71 12 71 13 71 14 71 15 71 16 71 17 71 18 71 19 71 20 71
73 0.279416 -0.364819 0.897539 24 24 24 0 1 72 2 72 3 72 4 72 5 72 6 72 7 72 8 72 9 72 10 72 11 72 12 72 13 72 14 72 15 72 16 72 17 72 18 72 19 72 20 72
74 0.885595 0.480800 -0.154841 73 73 73 0 1 73 2 73 3 73 4 73 5 73 6 73 7 73 8 73 9 73 10 73 11 73 12 73 13 73 14 73 15 73 16 73 17 73 18 73 19 73 20 73
75 -0.307092 -0.335459 -0.884675 13 13 13 0 1 74 2 74 3 74 4 74 5 74 6 74 7 74 8 74 9 74 10 74 11 74 12 74 13 74 14 74 15 74 16 74 17 74 18 74 19 74 20 74
76 0.341067 0.691010 0.757704 11 11 11 0 1 75 2 75 3 75 4 75 5 75 6 75 7 75 8 75 9 75 10 75 11 75 12 75 13 75 14 75 15 75 16 75 17 75 18 75 19 75 20 75
77 -0.375651 0.339563 0.718403 26 26 26 0 1 76 2 76 3 76 4 76 5 76 6 76 7 76 8 76 9 76 10 76 11 76 12 76 13 76 14 76 15 76 16 76 17 76 18 76 19 76 20 76
78 0.966540 0.523103 -0.335900 73 73 73 0 1 77 2 77 3 77 4 77 5 77 6 77 7 77 8 77 9 77 10 77 11 77 12 77 13 77 14 77 15 77 16 77 17 77 18 77 19 77 20 77
79 0.022658 0.049220 -1.156000 2 2 2 0 1 78 2 78 3 78 4 78 5 78 6 78 7 78 8 78 9 78 10 78 11 78 12 78 13 78 14 78 15 78 16 78 17 78 18 78 19 78 20 78
80 0.272455 0.384479 -0.931072 13 13 13 0 1 79 2 79 3 79 4 79 5 79 6 79 7 79 8 79 9 79 10 79 11 79 12 79 13 79 14 79 15 79 16 79 17 79 18 79 19 79 20 79
81 0.516403 0.134129 0.682444 57 57 57 0 1 80 2 80 3 80 4 80 5 80 6 80 7 80 8 80 9 80 10 80 11 80 12 80 13 80 14 80 15 80 16 80 17 80 18 80 19 80 20 80
82 -1.094584 -0.323455 0.547550 55 55 55 0 1 81 2 81 3 81 4 81 5 81 6 81 7 81 8 81 9 81 10 81 11 81 12 81 13 81 14 81 15 81 16 81 17 81 18 81 19 81 20 81
83 0.404696 -1.132254 0.023463 5 5 5 0 1 82 2 82 3 82 4 82 5 82 6 82 7 82 8 82 9 82 10 82 11 82 12 82 13 82 14 82 15 82 16 82 17 82 18 82 19 82 20 82
84 0.005883 0.222822 0.953937 5 5 5 0 1 83 2 83 3 83 4 83 5 83 6 83 7 83 8 83 9 83 10 83 11 83 12 83 13 83 14 83 15 83 16 83 17 83 18 83 19 83 20 83
85 0.295221 -0.548407 -0.859229 18 18 18 0 1 84 2 84 3 84 4 84 5 84 6 84 7 84 8 84 9 84 10 84 11 84 12 84 13 84 14 84 15 84 16 84 17 84 18 84 19 84 20 84
86 0.782955 0.143208 -0.936094 52 52 52 0 1 85 2 85 3 85 4 85 5 85 6 85 7 85 8 85 9 85 10 85 11 85 12 85 13 85 14 85 15 85 16 85 17 85 18 85 19 85 20 85
87 0.040654 0.249971 0.599828 13 13 13 0 1 86 2 86 3 86 4 86 5 86 6 86 7 86 8 86 9 86 10 86 11 86 12 86 13 86 14 86 15 86 16 86 17 86 18 86 19 86 20 86
88 -1.109337 -0.089610 0.442231 57 57 57 0 1 87 2 87 3 87 4 87 5 87 6 87 7 87 8 87 9 87 10 87 11 87 12 87 13 87 14 87 15 87 16 87 17 87 18 87 19 87 20 87
89 -0.051443 -0.953035 0.633971 13 13 13 0 1 88 2 88 3 88 4 88 5 88 6 88 7 88 8 88 9 88 10 88 11 88 12 88 13 88 14 88 15 88 16 88 17 88 18 88 19 88 20 88
90 -0.104952 -0.548795 -1.108786 4 4 4 0 1 89 2 89 3 89 4 89 5 89 6 89 7 89 8 89 9 89 10 89 11 89 12 89 13 89 14 89 15 89 16 89 17 89 18 89 19 89 20 89
91 -0.020936 -0.796319 0.520482 12 12 12 0 1 90 2 90 3 90 4 90 5 90 6 90 7 90 8 90 9 90 10 90 11 90 12 90 13 90 14 90 15 90 16 90 17 90 18 90 19 90 20 90
92 -0.239655 0.763551 -0.075655 42 42 42 0 1 91 2 91 3 91 4 91 5 91 6 91 7 91 8 91 9 91 10 91 11 91 12 91 13 91 14 91 15 91 16 91 17 91 18 91 19 91 20 91
93 0.017064 0.247995 -1.054892 5 5 5 0 1 92 2 92 3 92 4 92 5 92 6 92 7 92 8 92 9 92 10 92 11 92 12 92 13 92 14 92 15 92 16 92 17 92 18 92 19 92 20 92
94 -0.324134 0.915008 -0.253572 57 57 57 0 1 93 2 93 3 93 4 93 5 93 6 93 7 93 8 93 9 93 10 93 11 93 12 93 13 93 14 93 15 93 16 93 17 93 18 93 19 93 20 93
95 0.524415 0.466999 -0.275810 43 43 43 0 1 94 2 94 3 94 4 94 5 94 6 94 7 94 8 94 9 94 10 94 11 94 12 94 13 94 14 94 15 94 16 94 17 94 18 94 19 94 20 94
96 0.009345 -0.031949 -1.096026 1 1 1 0 1 95 2 95 3 95 4 95 5 95 6 95 7 95 8 95 9 95 10 95 11 95 12 95 13 95 14 95 15 95 16 95 17 95 18 95 19 95 20 95
97 -0.549535 0.056658 -0.727551 56 56 56 0 1 96 2 96 3 96 4 96 5 96 6 96 7 96 8 96 9 96 10 96 11 96 12 96 13 96 14 96 15 96 16 96 17 96 18 96 19 96 20 96
98 -0.245965 0.551931 0.579607 24 24 24 0 1 97 2 97 3 97 4 97 5 97 6 97 7 97 8 97 9 97 10 97 11 97 12 97 13 97 14 97 15 97 16 97 17 97 18 97 19 97 20 97
99 0.512970 -0.093607 0.729612 58 58 58 0 1 98 2 98 3 98 4 98 5 98 6 98 7 98 8 98 9 98 10 98 11 98 12 98 13 98 14 98 15 98 16 98 17 98 18 98 19 98 20 98
100 -0.943325 -0.232592 0.250025 73 73 73 0 1 99 2 99 3 99 4 99 5 99 6 99 7 99 8 99 9 99 10 99 11 99 12 99 13 99 14 99 15 99 16 99 17 99 18 99 19 99 20 99
101 0.143537 -0.257470 1.317653 4 4 4 0 1 100 2 100 3 100 4 100 5 100 6 100 7 100 8 100 9 100 10 100 11 100 12 100 13 100 14 100 15 100 16 100 17 100 18 100 19 100 20 100
102 -0.349783 -0.676683 0.970458 24 24 24 0 1 101 2 101 3 101 4 101 5 101 6 101 7 101 8 101 9 101 10 101 11 101 12 101 13 101 14 101 15 101 16 101 17 101 18 101 19 101 20 101
103 0.762523 -0.174111 -0.698468 49 49 49 0 1 102 2 102 3 102 4 102 5 102 6 102 7 102 8 102 9 102 10 102 11 102 12 102 13 102 14 102 15 102 16 102 17 102 18 102 19 102 20 102
104 -0.208782 -0.838123 0.119709 31 31 31 0 1 103 2 103 3 103 4 103 5 103 6 103 7 103 8 103 9 103 10 103 11 103 12 103 13 103 14 103 15 103 16 103 17 103 18 103 19 103 20 103
105 0.388924 -0.059536 0.986220 34 34 34 0 1 104 2 104 3 104 4 104 5 104 6 104 7 104 8 104 9 104 10 104 11 104 12 104 13 104 14 104 15 104 16 104 17 104 18 104 19 104 20 104
106 0.504698 -0.172214 -0.758267 35 35 35 0 1 105 2 105 3 105 4 105 5 105 6 105 7 105 8 105 9 105 10 105 11 105 12 105 13 105 14 105 15 105 16 105 17 105 18 105 19 105 20 105
107 -0.754021 0.210380 0.787610 62 62 62 0 1 106 2 106 3 106 4 106 5 106 6 106 7 106 8 106 9 106 10 106 11 106 12 106 13 106 14 106 15 106 16 106 17 106 18 106 19 106 20 106
108 0.253520 -1.051255 -0.762931 15 15 15 0 1 107 2 107 3 107 4 107 5 107 6 107 7 107 8 107 9 107 10 107 11 107 12 107 13 107 14 107 15 107 16 107 17 107 18 107 19 107 20 107
109 0.466396 0.739563 -0.501034 53 53 53 0 1 108 2 108 3 108 4 108 5 108 6 108 7 108 8 108 9 108 10 108 11 108 12 108 13 108 14 108 15 108 16 108 17 108 18 108 19 108 20 108
110 0.220206 -0.216749 1.433188 14 14 14 0 1 109 2 109 3 109 4 109 5 109 6 109 7 109 8 109 9 109 10 109 11 109 12 109 13 109 14 109 15 109 16 109 17 109 18 109 19 109 20 109
111 -0.002000 0.031293 0.715843 20 20 20 0 1 110 2 110 3 110 4 110 5 110 6 110 7 110 8 110 9 110 10 110 11 110 12 110 13 110 14 110 15 110 16 110 17 110 18 110 19 110 20 110
112 0.512613 -0.709658 -0.942995 33 33 33 0 1 111 2 111 3 111 4 111 5 111 6 111 7 111 8 111 9 111 10 111 11 111 12 111 13 111 14 111 15 111 16 111 17 111 18 111 19 111 20 111
113 0.229297 0.084915 -1.110659 6 6 6 0 1 112 2 112 3 112 4 112 5 112 6 112 7 112 8 112 9 112 10 112 11 112 12 112 13 112 14 112 15 112 16 112 17 112 18 112 19 112 20 112
114 -0.056036 0.506260 -0.493229 9 9 9 0 1 113 2 113 3 113 4 113 5 113 6 113 7 113 8 113 9 113 10 113 11 113 12 113 13 113 14 113 15 113 16 113 17 113 18 113 19 113 20 113
115 0.679012 0.015663 -0.545211 57 57 57 0 1 114 2 114 3 114 4 114 5 114 6 114 7 114 8 114 9 114 10 114 11 114 12 114 13 114 14 114 15 114 16 114 17 114 18 114 19 114 20 114
116 0.504575 1.010756 -0.293621 45 45 45 0 1 115 2 115 3 115 4 115 5 115 6 115 7 115 8 115 9 115 10 115 11 115 12 115 13 115 14 115 15 115 16 115 17 115 18 115 19 115 20 115
117 -0.114581 -0.633358 0.811339 16 16 16 0 1 116 2 116 3 116 4 116 5 116 6 116 7 116 8 116 9 116 10 116 11 116 12 116 13 116 14 116 15 116 16 116 17 116 18 116 19 116 20 116
118 -0.345315 -0.023423 -1.149434 7 7 7 0 1 117 2 117 3 117 4 117 5 117 6 117 7 117 8 117 9 117 10 117 11 117 12 117 13 117 14 117 15 117 16 117 17 117 18 117 19 117 20 117
119 -1.032502 -0.133821 0.133657 64 64 64 0 1 118 2 118 3 118 4 118 5 118 6 118 7 118 8 118 9 118 10 118 11 118 12 118 13 118 14 118 15 118 16 118 17 118 18 118 19 118 20 118
120 0.815915 -0.224485 0.865511 55 55 55 0 1 119 2 119 3 119 4 119 5 119 6 119 7 119 8 119 9 119 10 119 11 119 12 119 13 119 14 119 15 119 16 119 17 119 18 119 19 119 20 119
121 -0.217503 -0.091102 -1.096187 0 0 0 0 1 120 2 120 3 120 4 120 5 120 6 120 7 120 8 120 9 120 10 120 11 120 12 120 13 120 14 120 15 120 16 120 17 120 18 120 19 120 20 120
122 -0.254382 -0.569559 0.799542 14 14 14 0 1 121 2 121 3 121 4 121 5 121 6 121 7 121 8 121 9 121 10 121 11 121 12 121 13 121 14 121 15 121 16 121 17 121 18 121 19 121 20 121
123 -0.274285 1.015690 -0.353782 36 36 36 0 1 122 2 122 3 122 4 122 5 122 6 122 7 122 8 122 9 122 10 122 11 122 12 122 13 122 14 122 15 122 16 122 17 122 18 122 19 122 20 122
124 0.757812 -0.606655 0.591559 47 47 47 0 1 123 2 123 3 123 4 123 5 123 6 123 7 123 8 123 9 123 10 123 11 123 12 123 13 123 14 123 15 123 16 123 17 123 18 123 19 123 20 123
125 0.260533 0.970722 -0.333589 5 5 5 0 1 124 2 124 3 124 4 124 5 124 6 124 7 124 8 124 9 124 10 124 11 124 12 124 13 124 14 124 15 124 16 124 17 124 18 124 19 124 20 124
126 0.129283 -0.814400 -0.391573 7 7 7 0 1 125 2 125 3 125 4 125 5 125 6 125 7 125 8 125 9 125 10 125 11 125 12 125 13 125 14 125 15 125 16 125 17 125 18 125 19 125 20 125
127 -0.989173 -0.279719 0.569336 43 43 43 0 1 126 2 126 3 126 4 126 5 126 6 126 7 126 8 126 9 126 10 126 11 126 12 126 13 126 14 126 15 126 16 126 17 126 18 126 19 126 20 126
128 -0.738723 0.485456 -0.893829 56 56 56 0 1 127 2 127 3 127 4 127 5 127 6 127 7 127 8 127 9 127 10 127 11 127 12 127 13 127 14 127 15 127 16 127 17 127 18 127 19 127 20 127
129 -0.622227 -0.063832 0.904950 46 46 46 0 1 128 2 128 3 128 4 128 5 128 6 128 7 128 8 128 9 128 10 128 11 128 12 128 13 128 14 128 15 128 16 128 17 128 18 128 19 128 20 128
130 0.196571 0.661151 -0.284604 42 42 42 0 1 129 2 129 3 129 4 129 5 129 6 129 7 129 8 129 9 129 10 129 11 129 12 129 13 129 14 129 15 129 16 129 17 129 18 129 19 129 20 129
131 0.291416 -0.291327 0.699389 6 6 6 0 1 130 2 130 3 130 4 130 5 130 6 130 7 130 8 130 9 130 10 130 11 130 12 130 13 130 14 130 15 130 16 130 17 130 18 130 19 130 20 130
132 0.356877 -0.337353 -0.769546 16 16 16 0 1 131 2 131 3 131 4 131 5 131 6 131 7 131 8 131 9 131 10 131 11 131 12 131 13 131 14 131 15 131 16 131 17 131 18 131 19 131 20 131
133 -0.577072 -0.130502 0.468544 64 64 64 0 1 132 2 132 3 132 4 132 5 132 6 132 7 132 8 132 9 132 10 132 11 132 12 132 13 132 14 132 15 132 16 132 17 132 18 132 19 132 20 132
134 -0.165430 -0.965894 -0.325157 35 35 35 0 1 133 2 133 3 133 4 133 5 133 6 133 7 133 8 133 9 133 10 133 11 133 12 133 13 133 14 133 15 133 16 133 17 133 18 133 19 133 20 133
135 0.023662 -0.181593 1.245967 1 1 1 0 1 134 2 134 3 134 4 134 5 134 6 134 7 134 8 134 9 134 10 134 11 134 12 134 13 134 14 134 15 134 16 134 17 134 18 134 19 134 20 134
136 0.090188 -0.266135 0.643245 0 0 0 0 1 135 2 135 3 135 4 135 5 135 6 135 7 135 8 135 9 135 10 135 11 135 12 135 13 135 14 135 15 135 16 135 17 135 18 135 19 135 20 135
137 -0.866027 0.896427 0.522160 52 52 52 0 1 136 2 136 3 136 4 136 5 136 6 136 7 136 8 136 9 136 10 136 11 136 12 136 13 136 14 136 15 136 16 136 17 136 18 136 19 136 20 136
138 -0.033203 -0.237375 -0.914608 0 0 0 0 1 137 2 137 3 137 4 137 5 137 6 137 7 137 8 137 9 137 10 137 11 137 12 137 13 137 14 137 15 137 16 137 17 137 18 137 19 137 20 137
139 0.933358 -0.057984 -0.715235 42 42 42 0 1 138 2 138 3 138 4 138 5 138 6 138 7 138 8 138 9 138 10 138 11 138 12 138 13 138 14 138 15 138 16 138 17 138 18 138 19 138 20 138
140 0.580623 0.019825 -0.429256 72 72 72 0 1 139 2 139 3 139 4 139 5 139 6 139 7 139 8 139 9 139 10 139 11 139 12 139 13 139 14 139 15 139 16 139 17 139 18 139 19 139 20 139
141 0.056054 0.542800 -0.655653 39 39 39 0 1 140 2 140 3 140 4 140 5 140 6 140 7 140 8 140 9 140 10 140 11 140 12 140 13 140 14 140 15 140 16 140 17 140 18 140 19 140 20 140
142 0.473079 0.493586 -0.327598 39 39 39 0 1 141 2 141 3 141 4 141 5 141 6 141 7 141 8 141 9 141 10 141 11 141 12 141 13 141 14 141 15 141 16 141 17 141 18 141 19 141 20 141
143 -1.054404 0.236851 -0.604041 73 73 73 0 1 142 2 142 3 142 4 142 5 142 6 142 7 142 8 142 9 142 10 142 11 142 12 142 13 142 14 142 15 142 16 142 17 142 18 142 19 142 20 142
144 0.060808 0.245275 0.797207 8 8 8 0 1 143 2 143 3 143 4 143 5 143 6 143 7 143 8 143 9 143 10 143 11 143 12 143 13 143 14 143 15 143 16 143 17 143 18 143 19 143 20 143
145 -0.572183 -0.915385 0.206434 36 36 36 0 1 144 2 144 3 144 4 144 5 144 6 144 7 144 8 144 9 144 10 144 11 144 12 144 13 144 14 144 15 144 16 144 17 144 18 144 19 144 20 144
146 -0.152249 0.708360 0.321181 22 22 22 0 1 145 2 145 3 145 4 145 5 145 6 145 7 145 8 145 9 145 10 145 11 145 12 145 13 145 14 145 15 145 16 145 17 145 18 145 19 145 20 145
147 -0.765598 -0.372902 0.137758 77 77 77 0 1 146 2 146 3 146 4 146 5 146 6 146 7 146 8 146 9 146 10 146 11 146 12 146 13 146 14 146 15 146 16 146 17 146 18 146 19 146 20 146
148 0.631271 -0.836010 0.640345 28 28 28 0 1 147 2 147 3 147 4 147 5 147 6 147 7 147 8 147 9 147 10 147 11 147 12 147 13 147 14 147 15 147 16 147 17 147 18 147 19 147 20 147
149 -0.685270 0.447664 -1.357555 17 17 17 0 1 148 2 148 3 148 4 148 5 148 6 148 7 148 8 148 9 148 10 148 11 148 12 148 13 148 14 148 15 148 16 148 17 148 18 148 19 148 20 148
150 0.594336 -0.726485 0.022326 51 51 51 0 1 149 2 149 3 149 4 149 5 149 6 149 7 149 8 149 9 149 10 149 11 149 12 149 13 149 14 149 15 149 16 149 17 149 18 149 19 149 20 149
151 -1.187594 -0.141711 -0.293950 78 78 78 0 1 150 2 150 3 150 4 150 5 150 6 150 7 150 8 150 9 150 10 150 11 150 12 150 13 150 14 150 15 150 16 150 17 150 18 150 19 150 20 150
152 -0.231641 -0.771400 0.274011 38 38 38 0 1 151 2 151 3 151 4 151 5 151 6 151 7 151 8 151 9 151 10 151 11 151 12 151 13 151 14 151 15 151 16 151 17 151 18 151 19 151 20 151
153 0.392239 -0.372119 1.028323 24 24 24 0 1 152 2 152 3 152 4 152 5 152 6 152 7 152 8 152 9 152 10 152 11 152 12 152 13 152 14 152 15 152 16 152 17 152 18 152 19 152 20 152
154 0.941444 0.866525 0.353397 55 55 55 0 1 153 2 153 3 153 4 153 5 153 6 153 7 153 8 153 9 153 10 153 11 153 12 153 13 153 14 153 15 153 16 153 17 153 18 153 19 153 20 153
155 -0.594095 -0.222372 0.674778 37 37 37 0 1 154 2 154 3 154 4 154 5 154 6 154 7 154 8 154 9 154 10 154 11 154 12 154 13 154 14 154 15 154 16 154 17 154 18 154 19 154 20 154
156 -0.452693 -0.686731 0.748005 2 2 2 0 1 155 2 155 3 155 4 155 5 155 6 155 7 155 8 155 9 155 10 155 11 155 12 155 13 155 14 155 15 155 16 155 17 155 18 155 19 155 20 155
157 -0.941783 -0.754394 -0.301717 67 67 67 0 1 156 2 156 3 156 4 156 5 156 6 156 7 156 8 156 9 156 10 156 11 156 12 156 13 156 14 156 15 156 16 156 17 156 18 156 19 156 20 156
158 -0.293071 0.438537 1.031664 14 14 14 0 1 157 2 157 3 157 4 157 5 157 6 157 7 157 8 157 9 157 10 157 11 157 12 157 13 157 14 157 15 157 16 157 17 157 18 157 19 157 20 157
159 0.745896 -0.652165 0.397558 54 54 54 0 1 158 2 158 3 158 4 158 5 158 6 158 7 158 8 158 9 158 10 158 11 158 12 158 13 158 14 158 15 158 16 158 17 158 18 158 19 158 20 158
160 0.272735 -0.452454 -0.950662 22 22 22 0 1 159 2 159 3 159 4 159 5 159 6 159 7 159 8 159 9 159 10 159 11 159 12 159 13 159 14 159 15 159 16 159 17 159 18 159 19 159 20 159
161 -0.596819 -0.083112 0.941511 28 28 28 0 1 160 2 160 3 160 4 160 5 160 6 160 7 160 8 160 9 160 10 160 11 160 12 160 13 160 14 160 15 160 16 160 17 160 18 160 19 160 20 160
162 -0.311960 -0.921599 0.105194 13 13 13 0 1 161 2 161 3 161 4 161 5 161 6 161 7 161 8 161 9 161 10 161 11 161 12 161 13 161 14 161 15 161 16 161 17 161 18 161 19 161 20 161
163 0.188406 0.501941 -0.773279 23 23 23 0 1 162 2 162 3 162 4 162 5 162 6 162 7 162 8 162 9 162 10 162 11 162 12 162 13 162 14 162 15 162 16 162 17 162 18 162 19 162 20 162
164 -0.301112 -0.245202 1.470005 6 6 6 0 1 163 2 163 3 163 4 163 5 163 6 163 7 163 8 163 9 163 10 163 11 163 12 163 13 163 14 163 15 163 16 163 17 163 18 163 19 163 20 163
165 -0.753909 -0.329424 -0.792140 51 51 51 0 1 164 2 164 3 164 4 164 5 164 6 164 7 164 8 164 9 164 10 164 11 164 12 164 13 164 14 164 15 164 16 164 17 164 18 164 19 164 20 164
166 -0.907383 0.442875 -0.000461 76 76 76 0 1 165 2 165 3 165 4 165 5 165 6 165 7 165 8 165 9 165 10 165 11 165 12 165 13 165 14 165 15 165 16 165 17 165 18 165 19 165 20 165
167 0.061463 -0.574560 0.608778 13 13 13 0 1 166 2 166 3 166 4 166 5 166 6 166 7 166 8 166 9 166 10 166 11 166 12 166 13 166 14 166 15 166 16 166 17 166 18 166 19 166 20 166
168 0.742579 -0.897586 -0.006167 61 61 61 0 1 167 2 167 3 167 4 167 5 167 6 167 7 167 8 167 9 167 10 167 11 167 12 167 13 167 14 167 15 167 16 167 17 167 18 167 19 167 20 167
169 0.281229 0.957845 -0.318812 21 21 21 0 1 168 2 168 3 168 4 168 5 168 6 168 7 168 8 168 9 168 10 168 11 168 12 168 13 168 14 168 15 168 16 168 17 168 18 168 19 168 20 168
170 -0.430585 -0.179403 0.620691 53 53 53 0 1 169 2 169 3 169 4 169 5 169 6 169 7 169 8 169 9 169 10 169 11 169 12 169 13 169 14 169 15 169 16 169 17 169 18 169 19 169 20 169
171 0.108553 -0.140789 -1.221480 2 2 2 0 1 170 2 170 3 170 4 170 5 170 6 170 7 170 8 170 9 170 10 170 11 170 12 170 13 170 14 170 15 170 16 170 17 170 18 170 19 170 20 170
172 0.518637 -0.628111 -0.573980 54 54 54 0 1 171 2 171 3 171 4 171 5 171 6 171 7 171 8 171 9 171 10 171 11 171 12 171 13 171 14 171 15 171 16 171 17 171 18 171 19 171 20 171
173 -0.219381 0.539605 -0.213605 36 36 36 0 1 172 2 172 3 172 4 172 5 172 6 172 7 172 8 172 9 172 10 172 11 172 12 172 13 172 14 172 15 172 16 172 17 172 18 172 19 172 20 172
174 -0.237222 -0.559617 0.756322 12 12 12 0 1 173 2 173 3 173 4 173 5 173 6 173 7 173 8 173 9 173 10 173 11 173 12 173 13 173 14 173 15 173 16 173 17 173 18 173 19 173 20 173
175 0.482666 -1.365219 -0.133984 32 32 32 0 1 174 2 174 3 174 4 174 5 174 6 174 7 174 8 174 9 174 10 174 11 174 12 174 13 174 14 174 15 174 16 174 17 174 18 174 19 174 20 174
176 0.308686 0.045866 0.947515 25 25 25 0 1 175 2 175 3 175 4 175 5 175 6 175 7 175 8 175 9 175 10 175 11 175 12 175 13 175 14 175 15 175 16 175 17 175 18 175 19 175 20 175
177 -0.080626 0.043830 -1.108061 18 18 18 0 1 176 2 176 3 176 4 176 5 176 6 176 7 176 8 176 9 176 10 176 11 176 12 176 13 176 14 176 15 176 16 176 17 176 18 176 19 176 20 176
178 -0.729583 0.435023 0.280662 59 59 59 0 1 177 2 177 3 177 4 177 5 177 6 177 7 177 8 177 9 177 10 177 11 177 12 177 13 177 14 177 15 177 16 177 17 177 18 177 19 177 20 177
179 -0.229978 0.463909 -1.174860 10 10 10 0 1 178 2 178 3 178 4 178 5 178 6 178 7 178 8 178 9 178 10 178 11 178 12 178 13 178 14 178 15 178 16 178 17 178 18 178 19 178 20 178
180 0.830728 0.574937 0.418798 68 68 68 0 1 179 2 179 3 179 4 179 5 179 6 179 7 179 8 179 9 179 10 179 11 179 12 179 13 179 14 179 15 179 16 179 17 179 18 179 19 179 20 179
181 -0.204441 -0.377857 0.909896 6 6 6 0 1 180 2 180 3 180 4 180 5 180 6 180 7 180 8 180 9 180 10 180 11 180 12 180 13 180 14 180 15 180 16 180 17 180 18 180 19 180 20 180
182 -0.336943 -0.253925 0.922051 10 10 10 0 1 181 2 181 3 181 4 181 5 181 6 181 7 181 8 181 9 181 10 181 11 181 12 181 13 181 14 181 15 181 16 181 17 181 18 181 19 181 20 181
183 -0.113589 0.547257 -0.739942 0 0 0 0 1 182 2 182 3 182 4 182 5 182 6 182 7 182 8 182 9 182 10 182 11 182 12 182 13 182 14 182 15 182 16 182 17 182 18 182 19 182 20 182
184 -0.099619 0.833845 -0.540715 15 15 15 0 1 183 2 183 3 183 4 183 5 183 6 183 7 183 8 183 9 183 10 183 11 183 12 183 13 183 14 183 15 183 16 183 17 183 18 183 19 183 20 183
185 0.247614 1.167386 -0.078613 4 4 4 0 1 184 2 184 3 184 4 184 5 184 6 184 7 184 8 184 9 184 10 184 11 184 12 184 13 184 14 184 15 184 16 184 17 184 18 184 19 184 20 184
186 0.679370 0.682105 -0.108361 68 68 68 0 1 185 2 185 3 185 4 185 5 185 6 185 7 185 8 185 9 185 10 185 11 185 12 185 13 185 14 185 15 185 16 185 17 185 18 185 19 185 20 185
187 -0.573669 -0.221899 0.955489 16 16 16 0 1 186 2 186 3 186 4 186 5 186 6 186 7 186 8 186 9 186 10 186 11 186 12 186 13 186 14 186 15 186 16 186 17 186 18 186 19 186 20 186
188 0.785159 0.855791 -0.104878 57 57 57 0 1 187 2 187 3 187 4 187 5 187 6 187 7 187 8 187 9 187 10 187 11 187 12 187 13 187 14 187 15 187 16 187 17 187 18 187 19 187 20 187
189 0.304421 0.151120 0.957710 5 5 5 0 1 188 2 188 3 188 4 188 5 188 6 188 7 188 8 188 9 188 10 188 11 188 12 188 13 188 14 188 15 188 16 188 17 188 18 188 19 188 20 188
190 0.058266 0.046375 1.130877 2 2 2 0 1 189 2 189 3 189 4 189 5 189 6 189 7 189 8 189 9 189 10 189 11 189 12 189 13 189 14 189 15 189 16 189 17 189 18 189 19 189 20 189
191 1.083129 -0.224624 0.827171 79 79 79 0 1 190 2 190 3 190 4 190 5 190 6 190 7 190 8 190 9 190 10 190 11 190 12 190 13 190 14 190 15 190 16 190 17 190 18 190 19 190 20 190
192 1.097280 0.472110 0.232809 79 79 79 0 1 191 2 191 3 191 4 191 5 191 6 191 7 191 8 191 9 191 10 191 11 191 12 191 13 191 14 191 15 191 16 191 17 191 18 191 19 191 20 191
193 -0.213135 0.985137 0.314765 30 30 30 0 1 192 2 192 3 192 4 192 5 192 6 192 7 192 8 192 9 192 10 192 11 192 12 192 13 192 14 192 15 192 16 192 17 192 18 192 19 192 20 192
194 -0.636256 -0.459041 0.300294 49 49 49 0 1 193 2 193 3 193 4 193 5 193 6 193 7 193 8 193 9 193 10 193 11 193 12 193 13 193 14 193 15 193 16 193 17 193 18 193 19 193 20 193
195 0.008746 0.929303 -0.086404 15 15 15 0 1 194 2 194 3 194 4 194 5 194 6 194 7 194 8 194 9 194 10 194 11 194 12 194 13 194 14 194 15 194 16 194 17 194 18 194 19 194 20 194
196 0.910781 0.114914 -0.221616 63 63 63 0 1 195 2 195 3 195 4 195 5 195 6 195 7 195 8 195 9 195 10 195 11 195 12 195 13 195 14 195 15 195 16 195 17 195 18 195 19 195 20 195
197 1.155006 -0.164611 0.367397 74 74 74 0 1 196 2 196 3 196 4 196 5 196 6 196 7 196 8 196 9 196 10 196 11 196 12 196 13 196 14 196 15 196 16 196 17 196 18 196 19 196 20 196
198 -0.078410 0.044607 -0.993738 2 2 2 0 1 197 2 197 3 197 4 197 5 197 6 197 7 197 8 197 9 197 10 197 11 197 12 197 13 197 14 197 15 197 16 197 17 197 18 197 19 197 20 197
199 0.481482 0.254829 1.019984 26 26 26 0 1 198 2 198 3 198 4 198 5 198 6 198 7 198 8 198 9 198 10 198 11 198 12 198 13 198 14 198 15 198 16 198 17 198 18 198 19 198 20 198
200 0.616100 0.648164 0.538443 37 37 37 0 1 199 2 199 3 199 4 199 5 199 6 199 7 199 8 199 9 199 10 199 11 199 12 199 13 199 14 199 15 199 16 199 17 199 18 199 19 199 20 199
201 0.270368 -0.658633 0.514018 23 23 23 0 1 200 2 200 3 200 4 200 5 200 6 200 7 200 8 200 9 200 10 200 11 200 12 200 13 200 14 200 15 200 16 200 17 200 18 200 19 200 20 200
202 0.700159 0.546679 0.239067 59 59 59 0 1 201 2 201 3 201 4 201 5 201 6 201 7 201 8 201 9 201 10 201 11 201 12 201 13 201 14 201 15 201 16 201 17 201 18 201 19 201 20 201
203 0.547641 0.721675 -0.579448 36 36 36 0 1 202 2 202 3 202 4 202 5 202 6 202 7 202 8 202 9 202 10 202 11 202 12 202 13 202 14 202 15 202 16 202 17 202 18 202 19 202 20 202
204 0.162806 -0.595579 0.832303 2 2 2 0 1 203 2 203 3 203 4 203 5 203 6 203 7 203 8 203 9 203 10 203 11 203 12 203 13 203 14 203 15 203 16 203 17 203 18 203 19 203 20 203
205 1.188517 0.236237 0.146827 75 75 75 0 1 204 2 204 3 204 4 204 5 204 6 204 7 204 8 204 9 204 10 204 11 204 12 204 13 204 14 204 15 204 16 204 17 204 18 204 19 204 20 204
206 0.529759 0.055160 -0.776236 34 34 34 0 1 205 2 205 3 205 4 205 5 205 6 205 7 205 8 205 9 205 10 205 11 205 12 205 13 205 14 205 15 205 16 205 17 205 18 205 19 205 20 205
207 -0.202311 0.068013 -0.952604 0 0 0 0 1 206 2 206 3 206 4 206 5 206 6 206 7 206 8 206 9 206 10 206 11 206 12 206 13 206 14 206 15 206 16 206 17 206 18 206 19 206 20 206
208 1.178637 0.511875 -0.287958 65 65 65 0 1 207 2 207 3 207 4 207 5 207 6 207 7 207 8 207 9 207 10 207 11 207 12 207 13 207 14 207 15 207 16 207 17 207 18 207 19 207 20 207
209 0.340557 -0.716916 -0.217904 22 22 22 0 1 208 2 208 3 208 4 208 5 208 6 208 7 208 8 208 9 208 10 208 11 208 12 208 13 208 14 208 15 208 16 208 17 208 18 208 19 208 20 208
210 -0.063987 -0.901089 -0.234228 24 24 24 0 1 209 2 209 3 209 4 209 5 209 6 209 7 209 8 209 9 209 10 209 11 209 12 209 13 209 14 209 15 209 16 209 17 209 18 209 19 209 20 209
211 -0.967742 -0.523062 0.217544 74 74 74 0 1 210 2 210 3 210 4 210 5 210 6 210 7 210 8 210 9 210 10 210 11 210 12 210 13 210 14 210 15 210 16 210 17 210 18 210 19 210 20 210
212 1.281711 -0.223170 0.371757 64 64 64 0 1 211 2 211 3 211 4 211 5 211 6 211 7 211 8 211 9 211 10 211 11 211 12 211 13 211 14 211 15 211 16 211 17 211 18 211 19 211 20 211
213 0.172031 -0.803986 0.490179 12 12 12 0 1 212 2 212 3 212 4 212 5 212 6 212 7 212 8 212 9 212 10 212 11 212 12 212 13 212 14 212 15 212 16 212 17 212 18 212 19 212 20 212
214 -0.070261 0.260377 -1.215374 13 13 13 0 1 213 2 213 3 213 4 213 5 213 6 213 7 213 8 213 9 213 10 213 11 213 12 213 13 213 14 213 15 213 16 213 17 213 18 213 19 213 20 213
215 0.534018 0.131048 0.971331 25 25 25 0 1 214 2 214 3 214 4 214 5 214 6 214 7 214 8 214 9 214 10 214 11 214 12 214 13 214 14 214 15 214 16 214 17 214 18 214 19 214 20 214
216 0.084499 0.411869 0.790073 24 24 24 0 1 215 2 215 3 215 4 215 5 215 6 215 7 215 8 215 9 215 10 215 11 215 12 215 13 215 14 215 15 215 16 215 17 215 18 215 19 215 20 215
217 -1.038531 0.451708 -0.664630 51 51 51 0 1 216 2 216 3 216 4 216 5 216 6 216 7 216 8 216 9 216 10 216 11 216 12 216 13 216 14 216 15 216 16 216 17 216 18 216 19 216 20 216
218 -0.369165 -0.214404 0.631883 34 34 34 0 1 217 2 217 3 217 4 217 5 217 6 217 7 217 8 217 9 217 10 217 11 217 12 217 13 217 14 217 15 217 16 217 17 217 18 217 19 217 20 217
219 0.086987 -0.573703 -0.613317 16 16 16 0 1 218 2 218 3 218 4 218 5 218 6 218 7 218 8 218 9 218 10 218 11 218 12 218 13 218 14 218 15 218 16 218 17 218 18 218 19 218 20 218
220 0.133094 -0.119343 0.890162 32 32 32 0 1 219 2 219 3 219 4 219 5 219 6 219 7 219 8 219 9 219 10 219 11 219 12 219 13 219 14 219 15 219 16 219 17 219 18 219 19 219 20 219
221 -0.895339 -0.714633 -0.463683 59 59 59 0 1 220 2 220 3 220 4 220 5 220 6 220 7 220 8 220 9 220 10 220 11 220 12 220 13 220 14 220 15 220 16 220 17 220 18 220 19 220 20 220
222 0.307241 0.106053 -1.034227 1 1 1 0 1 221 2 221 3 221 4 221 5 221 6 221 7 221 8 221 9 221 10 221 11 221 12 221 13 221 14 221 15 221 16 221 17 221 18 221 19 221 20 221
223 0.257160 -0.935041 -0.447871 41 41 41 0 1 222 2 222 3 222 4 222 5 222 6 222 7 222 8 222 9 222 10 222 11 222 12 222 13 222 14 222 15 222 16 222 17 222 18 222 19 222 20 222
224 0.724724 0.897151 -0.169673 46 46 46 0 1 223 2 223 3 223 4 223 5 223 6 223 7 223 8 223 9 223 10 223 11 223 12 223 13 223 14 223 15 223 16 223 17 223 18 223 19 223 20 223
225 -0.866595 -0.683350 0.473401 57 57 57 0 1 224 2 224 3 224 4 224 5 224 6 224 7 224 8 224 9 224 10 224 11 224 12 224 13 224 14 224 15 224 16 224 17 224 18 224 19 224 20 224
226 0.427162 -0.483049 -1.061538 13 13 13 0 1 225 2 225 3 225 4 225 5 225 6 225 7 225 8 225 9 225 10 225 11 225 12 225 13 225 14 225 15 225 16 225 17 225 18 225 19 225 20 225
227 -0.866392 0.078958 -0.467927 63 63 63 0 1 226 2 226 3 226 4 226 5 226 6 226 7 226 8 226 9 226 10 226 11 226 12 226 13 226 14 226 15 226 16 226 17 226 18 226 19 226 20 226
228 -0.332417 0.076520 -1.209027 45 45 45 0 1 227 2 227 3 227 4 227 5 227 6 227 7 227 8 227 9 227 10 227 11 227 12 227 13 227 14 227 15 227 16 227 17 227 18 227 19 227 20 227
229 0.867498 -0.572610 -1.063363 39 39 39 0 1 228 2 228 3 228 4 228 5 228 6 228 7 228 8 228 9 228 10 228 11 228 12 228 13 228 14 228 15 228 16 228 17 228 18 228 19 228 20 228
230 -0.021917 -0.349956 0.779574 20 20 20 0 1 229 2 229 3 229 4 229 5 229 6 229 7 229 8 229 9 229 10 229 11 229 12 229 13 229 14 229 15 229 16 229 17 229 18 229 19 229 20 229
231 -0.709384 0.266432 0.127563 62 62 62 0 1 230 2 230 3 230 4 230 5 230 6 230 7 230 8 230 9 230 10 230 11 230 12 230 13 230 14 230 15 230 16 230 17 230 18 230 19 230 20 230
232 0.048919 0.089034 -0.737132 0 0 0 0 1 231 2 231 3 231 4 231 5 231 6 231 7 231 8 231 9 231 10 231 11 231 12 231 13 231 14 231 15 231 16 231 17 231 18 231 19 231 20 231
233 -0.995847 -0.324099 0.000116 76 76 76 0 1 232 2 232 3 232 4 232 5 232 6 232 7 232 8 232 9 232 10 232 11 232 12 232 13 232 14 232 15 232 16 232 17 232 18 232 19 232 20 232
234 0.242142 0.403357 1.218417 19 19 19 0 1 233 2 233 3 233 4 233 5 233 6 233 7 233 8 233 9 233 10 233 11 233 12 233 13 233 14 233 15 233 16 233 17 233 18 233 19 233 20 233
235 -0.577037 -0.164759 0.810705 12 12 12 0 1 234 2 234 3 234 4 234 5 234 6 234 7 234 8 234 9 234 10 234 11 234 12 234 13 234 14 234 15 234 16 234 17 234 18 234 19 234 20 234
236 0.443796 -0.638954 -0.232341 59 59 59 0 1 235 2 235 3 235 4 235 5 235 6 235 7 235 8 235 9 235 10 235 11 235 12 235 13 235 14 235 15 235 16 235 17 235 18 235 19 235 20 235
237 -0.182357 0.211306 0.559923 15 15 15 0 1 236 2 236 3 236 4 236 5 236 6 236 7 236 8 236 9 236 10 236 11 236 12 236 13 236 14 236 15 236 16 236 17 236 18 236 19 236 20 236
238 0.050898 0.665268 -1.020132 19 19 19 0 1 237 2 237 3 237 4 237 5 237 6 237 7 237 8 237 9 237 10 237 11 237 12 237 13 237 14 237 15 237 16 237 17 237 18 237 19 237 20 237
239 0.582565 -0.574531 0.207209 58 58 58 0 1 238 2 238 3 238 4 238 5 238 6 238 7 238 8 238 9 238 10 238 11 238 12 238 13 238 14 238 15 238 16 238 17 238 18 238 19 238 20 238
240 0.947087 -0.149931 0.010556 65 65 65 0 1 239 2 239 3 239 4 239 5 239 6 239 7 239 8 239 9 239 10 239 11 239 12 239 13 239 14 239 15 239 16 239 17 239 18 239 19 239 20 239
241 -0.681192 -0.580330 0.562038 43 43 43 0 1 240 2 240 3 240 4 240 5 240 6 240 7 240 8 240 9 240 10 240 11 240 12 240 13 240 14 240 15 240 16 240 17 240 18 240 19 240 20 240
242 0.560900 0.526046 -0.368501 34 34 34 0 1 241 2 241 3 241 4 241 5 241 6 241 7 241 8 241 9 241 10 241 11 241 12 241 13 241 14 241 15 241 16 241 17 241 18 241 19 241 20 241
243 -0.378967 -0.372236 0.971641 30 30 30 0 1 242 2 242 3 242 4 242 5 242 6 242 7 242 8 242 9 242 10 242 11 242 12 242 13 242 14 242 15 242 16 242 17 242 18 242 19 242 20 242
244 0.421156 0.588866 -0.917992 26 26 26 0 1 243 2 243 3 243 4 243 5 243 6 243 7 243 8 243 9 243 10 243 11 243 12 243 13 243 14 243 15 243 16 243 17 243 18 243 19 243 20 243
245 -0.352894 -0.376762 0.804403 20 20 20 0 1 244 2 244 3 244 4 244 5 244 6 244 7 244 8 244 9 244 10 244 11 244 12 244 13 244 14 244 15 244 16 244 17 244 18 244 19 244 20 244
246 0.728629 0.850100 0.163676 49 49 49 0 1 245 2 245 3 245 4 245 5 245 6 245 7 245 8 245 9 245 10 245 11 245 12 245 13 245 14 245 15 245 16 245 17 245 18 245 19 245 20 245
247 -0.782468 0.641655 -0.830435 41 41 41 0 1 246 2 246 3 246 4 246 5 246 6 246 7 246 8 246 9 246 10 246 11 246 12 246 13 246 14 246 15 246 16 246 17 246 18 246 19 246 20 246
248 0.177140 1.052899 0.446991 4 4 4 0 1 247 2 247 3 247 4 247 5 247 6 247 7 247 8 247 9 247 10 247 11 247 12 247 13 247 14 247 15 247 16 247 17 247 18 247 19 247 20 247
249 -0.203308 1.068145 0.463134 6 6 6 0 1 248 2 248 3 248 4 248 5 248 6 248 7 248 8 248 9 248 10 248 11 248 12 248 13 248 14 248 15 248 16 248 17 248 18 248 19 248 20 248
250 0.212463 -0.851218 -0.743817 2 2 2 0 1 249 2 249 3 249 4 249 5 249 6 249 7 249 8 249 9 249 10 249 11 249 12 249 13 249 14 249 15 249 16 249 17 249 18 249 19 249 20 249
251 0.035813 0.187172 -1.126847 7 7 7 0 1 250 2 250 3 250 4 250 5 250 6 250 7 250 8 250 9 250 10 250 11 250 12 250 13 250 14 250 15 250 16 250 17 250 18 250 19 250 20 250
252 1.071690 0.563204 -0.095112 69 69 69 0 1 251 2 251 3 251 4 251 5 251 6 251 7 251 8 251 9 251 10 251 11 251 12 251 13 251 14 251 15 251 16 251 17 251 18 251 19 251 20 251
253 0.859834 -0.184281 0.567655 66 66 66 0 1 252 2 252 3 252 4 252 5 252 6 252 7 252 8 252 9 252 10 252 11 252 12 252 13 252 14 252 15 252 16 252 17 252 18 252 19 252 20 252
254 0.460729 0.083263 1.049536 12 12 12 0 1 253 2 253 3 253 4 253 5 253 6 253 7 253 8 253 9 253 10 253 11 253 12 253 13 253 14 253 15 253 16 253 17 253 18 253 19 253 20 253
255 -0.488433 0.485655 -0.322945 39 39 39 0 1 254 2 254 3 254 4 254 5 254 6 254 7 254 8 254 9 254 10 254 11 254 12 254 13 254 14 254 15 254 16 254 17 254 18 254 19 254 20 254
256 0.602731 0.050739 -0.674449 39 39 39 0 1 255 2 255 3 255 4 255 5 255 6 255 7 255 8 255 9 255 10 255 11 255 12 255 13 255 14 255 15 255 16 255 17 255 18 255 19 255 20 255
257 -0.461773 -0.983263 -0.505362 54 54 54 0 1 256 2 256 3 256 4 256 5 256 6 256 7 256 8 256 9 256 10 256 11 256 12 256 13 256 14 256 15 256 16 256 17 256 18 256 19 256 20 256
258 -0.150885 0.278876 1.173534 21 21 21 0 1 257 2 257 3 257 4 257 5 257 6 257 7 257 8 257 9 257 10 257 11 257 12 257 13 257 14 257 15 257 16 257 17 257 18 257 19 257 20 257
259 -0.400000 1.039829 -0.827225 12 12 12 0 1 258 2 258 3 258 4 258 5 258 6 258 7 258 8 258 9 258 10 258 11 258 12 258 13 258 14 258 15 258 16 258 17 258 18 258 19 258 20 258
260 0.309704 -0.075212 -1.056489 3 3 3 0 1 259 2 259 3 259 4 259 5 259 6 259 7 259 8 259 9 259 10 259 11 259 12 259 13 259 14 259 15 259 16 259 17 259 18 259 19 259 20 259
261 0.643535 -0.248910 0.606597 54 54 54 0 1 260 2 260 3 260 4 260 5 260 6 260 7 260 8 260 9 260 10 260 11 260 12 260 13 260 14 260 15 260 16 260 17 260 18 260 19 260 20 260
262 -0.551351 0.110368 -0.750588 6 6 6 0 1 261 2 261 3 261 4 261 5 261 6 261 7 261 8 261 9 261 10 261 11 261 12 261 13 261 14 261 15 261 16 261 17 261 18 261 19 261 20 261
263 0.141207 0.669431 1.076128 11 11 11 0 1 262 2 262 3 262 4 262 5 262 6 262 7 262 8 262 9 262 10 262 11 262 12 262 13 262 14 262 15 262 16 262 17 262 18 262 19 262 20 262
264 -0.494818 0.656137 -0.919649 38 38 38 0 1 263 2 263 3 263 4 263 5 263 6 263 7 263 8 263 9 263 10 263 11 263 12 263 13 263 14 263 15 263 16 263 17 263 18 263 19 263 20 263
265 -0.343638 0.237942 1.039925 5 5 5 0 1 264 2 264 3 264 4 264 5 264 6 264 7 264 8 264 9 264 10 264 11 264 12 264 13 264 14 264 15 264 16 264 17 264 18 264 19 264 20 264
266 0.868712 -0.160988 0.661464 51 51 51 0 1 265 2 265 3 265 4 265 5 265 6 265 7 265 8 265 9 265 10 265 11 265 12 265 13 265 14 265 15 265 16 265 17 265 18 265 19 265 20 265
267 -0.711012 -0.761559 -0.570105 58 58 58 0 1 266 2 266 3 266 4 266 5 266 6 266 7 266 8 266 9 266 10 266 11 266 12 266 13 266 14 266 15 266 16 266 17 266 18 266 19 266 20 266
268 0.171942 0.238492 1.122188 4 4 4 0 1 267 2 267 3 267 4 267 5 267 6 267 7 267 8 267 9 267 10 267 11 267 12 267 13 267 14 267 15 267 16 267 17 267 18 267 19 267 20 267
269 0.627889 -0.314258 -0.826758 46 46 46 0 1 268 2 268 3 268 4 268 5 268 6 268 7 268 8 268 9 268 10 268 11 268 12 268 13 268 14 268 15 268 16 268 17 268 18 268 19 268 20 268
270 0.615179 -0.378398 0.974255 45 45 45 0 1 269 2 269 3 269 4 269 5 269 6 269 7 269 8 269 9 269 10 269 11 269 12 269 13 269 14 269 15 269 16 269 17 269 18 269 19 269 20 269
271 0.689997 -0.663913 0.831717 48 48 48 0 1 270 2 270 3 270 4 270 5 270 6 270 7 270 8 270 9 270 10 270 11 270 12 270 13 270 14 270 15 270 16 270 17 270 18 270 19 270 20 270
272 -0.495476 0.135184 -1.024972 2 2 2 0 1 271 2 271 3 271 4 271 5 271 6 271 7 271 8 271 9 271 10 271 11 271 12 271 13 271 14 271 15 271 16 271 17 271 18 271 19 271 20 271
273 -0.311693 0.234385 -0.842646 40 40 40 0 1 272 2 272 3 272 4 272 5 272 6 272 7 272 8 272 9 272 10 272 11 272 12 272 13 272 14 272 15 272 16 272 17 272 18 272 19 272 20 272
274 -0.153638 0.858260 0.808467 15 15 15 0 1 273 2 273 3 273 4 273 5 273 6 273 7 273 8 273 9 273 10 273 11 273 12 273 13 273 14 273 15 273 16 273 17 273 18 273 19 273 20 273
275 -0.225122 -0.067643 1.024735 9 9 9 0 1 274 2 274 3 274 4 274 5 274 6 274 7 274 8 274 9 274 10 274 11 274 12 274 13 274 14 274 15 274 16 274 17 274 18 274 19 274 20 274
276 -0.130048 -0.390356 0.869885 34 34 34 0 1 275 2 275 3 275 4 275 5 275 6 275 7 275 8 275 9 275 10 275 11 275 12 275 13 275 14 275 15 275 16 275 17 275 18 275 19 275 20 275
277 -0.300219 -0.741593 0.664202 23 23 23 0 1 276 2 276 3 276 4 276 5 276 6 276 7 276 8 276 9 276 10 276 11 276 12 276 13 276 14 276 15 276 16 276 17 276 18 276 19 276 20 276
278 0.296012 0.831247 -0.535109 4 4 4 0 1 277 2 277 3 277 4 277 5 277 6 277 7 277 8 277 9 277 10 277 11 277 12 277 13 277 14 277 15 277 16 277 17 277 18 277 19 277 20 277
279 0.660615 -0.575066 0.516339 57 57 57 0 1 278 2 278 3 278 4 278 5 278 6 278 7 278 8 278 9 278 10 278 11 278 12 278 13 278 14 278 15 278 16 278 17 278 18 278 19 278 20 278
280 -0.064691 0.127598 0.636537 22 22 22 0 1 279 2 279 3 279 4 279 5 279 6 279 7 279 8 279 9 279 10 279 11 279 12 279 13 279 14 279 15 279 16 279 17 279 18 279 19 279 20 279
281 0.232623 -0.207631 -1.393867 15 15 15 0 1 280 2 280 3 280 4 280 5 280 6 280 7 280 8 280 9 280 10 280 11 280 12 280 13 280 14 280 15 280 16 280 17 280 18 280 19 280 20 280
282 -0.395978 0.652117 -0.885306 20 20 20 0 1 281 2 281 3 281 4 281 5 281 6 281 7 281 8 281 9 281 10 281 11 281 12 281 13 281 14 281 15 281 16 281 17 281 18 281 19 281 20 281
283 -0.085629 -1.039793 -0.509534 10 10 10 0 1 282 2 282 3 282 4 282 5 282 6 282 7 282 8 282 9 282 10 282 11 282 12 282 13 282 14 282 15 282 16 282 17 282 18 282 19 282 20 282
284 -0.028436 0.162702 -0.925565 2 2 2 0 1 283 2 283 3 283 4 283 5 283 6 283 7 283 8 283 9 283 10 283 11 283 12 283 13 283 14 283 15 283 16 283 17 283 18 283 19 283 20 283
285 -1.112896 0.297094 -0.345933 74 74 74 0 1 284 2 284 3 284 4 284 5 284 6 284 7 284 8 284 9 284 10 284 11 284 12 284 13 284 14 284 15 284 16 284 17 284 18 284 19 284 20 284
286 0.313345 -0.587611 -0.613308 19 19 19 0 1 285 2 285 3 285 4 285 5 285 6 285 7 285 8 285 9 285 10 285 11 285 12 285 13 285 14 285 15 285 16 285 17 285 18 285 19 285 20 285
287 -0.061251 -0.199366 -1.201616 13 13 13 0 1 286 2 286 3 286 4 286 5 286 6 286 7 286 8 286 9 286 10 286 11 286 12 286 13 286 14 286 15 286 16 286 17 286 18 286 19 286 20 286
288 0.077648 -0.012821 1.131877 10 10 10 0 1 287 2 287 3 287 4 287 5 287 6 287 7 287 8 287 9 287 10 287 11 287 12 287 13 287 14 287 15 287 16 287 17 287 18 287 19 287 20 287
289 -0.274477 -0.264475 1.110697 10 10 10 0 1 288 2 288 3 288 4 288 5 288 6 288 7 288 8 288 9 288 10 288 11 288 12 288 13 288 14 288 15 288 16 288 17 288 18 288 19 288 20 288
290 0.229539 0.224150 -1.271857 8 8 8 0 1 289 2 289 3 289 4 289 5 289 6 289 7 289 8 289 9 289 10 289 11 289 12 289 13 289 14 289 15 289 16 289 17 289 18 289 19 289 20 289
291 0.313301 -0.092377 -1.215558 36 36 36 0 1 290 2 290 3 290 4 290 5 290 6 290 7 290 8 290 9 290 10 290 11 290 12 290 13 290 14 290 15 290 16 290 17 290 18 290 19 290 20 290
292 0.967041 -0.461827 0.551421 52 52 52 0 1 291 2 291 3 291 4 291 5 291 6 291 7 291 8 291 9 291 10 291 11 291 12 291 13 291 14 291 15 291 16 291 17 291 18 291 19 291 20 291
293 -0.545693 -0.649502 0.388684 25 25 25 0 1 292 2 292 3 292 4 292 5 292 6 292 7 292 8 292 9 292 10 292 11 292 12 292 13 292 14 292 15 292 16 292 17 292 18 292 19 292 20 292
294 -0.080039 -0.266333 -1.385327 12 12 12 0 1 293 2 293 3 293 4 293 5 293 6 293 7 293 8 293 9 293 10 293 11 293 12 293 13 293 14 293 15 293 16 293 17 293 18 293 19 293 20 293
295 0.147845 -0.295136 -1.324823 4 4 4 0 1 294 2 294 3 294 4 294 5 294 6 294 7 294 8 294 9 294 10 294 11 294 12 294 13 294 14 294 15 294 16 294 17 294 18 294 19 294 20 294
296 0.193015 0.369262 0.853191 3 3 3 0 1 295 2 295 3 295 4 295 5 295 6 295 7 295 8 295 9 295 10 295 11 295 12 295 13 295 14 295 15 295 16 295 17 295 18 295 19 295 20 295
297 0.212060 0.000875 0.946200 6 6 6 0 1 296 2 296 3 296 4 296 5 296 6 296 7 296 8 296 9 296 10 296 11 296 12 296 13 296 14 296 15 296 16 296 17 296 18 296 19 296 20 296
298 0.067243 0.699403 0.607062 9 9 9 0 1 297 2 297 3 297 4 297 5 297 6 297 7 297 8 297 9 297 10 297 11 297 12 297 13 297 14 297 15 297 16 297 17 297 18 297 19 297 20 297
299 0.240004 0.153435 0.890319 3 3 3 0 1 298 2 298 3 298 4 298 5 298 6 298 7 298 8 298 9 298 10 298 11 298 12 298 13 298 14 298 15 298 16 298 17 298 18 298 19 298 20 298
300 0.332095 -0.663215 -0.786148 2 2 2 0 1 299 2 299 3 299 4 299 5 299 6 299 7 299 8 299 9 299 10 299 11 299 12 299 13 299 14 299 15 299 16 299 17 299 18 299 19 299 20 299
301 0.540071 0.471952 0.815651 51 51 51 0 1 300 2 300 3 300 4 300 5 300 6 300 7 300 8 300 9 300 10 300 11 300 12 300 13 300 14 300 15 300 16 300 17 300 18 300 19 300 20 300
302 -0.305645 0.924076 0.750081 7 7 7 0 1 301 2 301 3 301 4 301 5 301 6 301 7 301 8 301 9 301 10 301 11 301 12 301 13 301 14 301 15 301 16 301 17 301 18 301 19 301 20 301
303 -0.145920 0.232378 -0.851311 3 3 3 0 1 302 2 302 3 302 4 302 5 302 6 302 7 302 8 302 9 302 10 302 11 302 12 302 13 302 14 302 15 302 16 302 17 302 18 302 19 302 20 302
304 -0.374688 -0.536633 -1.030097 16 16 16 0 1 303 2 303 3 303 4 303 5 303 6 303 7 303 8 303 9 303 10 303 11 303 12 303 13 303 14 303 15 303 16 303 17 303 18 303 19 303 20 303
305 0.316543 0.837350 -0.252069 29 29 29 0 1 304 2 304 3 304 4 304 5 304 6 304 7 304 8 304 9 304 10 304 11 304 12 304 13 304 14 304 15 304 16 304 17 304 18 304 19 304 20 304
306 0.404607 0.153502 -1.158821 14 14 14 0 1 305 2 305 3 305 4 305 5 305 6 305 7 305 8 305 9 305 10 305 11 305 12 305 13 305 14 305 15 305 16 305 17 305 18 305 19 305 20 305
307 -0.195866 0.458513 0.937928 1 1 1 0 1 306 2 306 3 306 4 306 5 306 6 306 7 306 8 306 9 306 10 306 11 306 12 306 13 306 14 306 15 306 16 306 17 306 18 306 19 306 20 306
308 0.907960 -0.693092 0.761546 53 53 53 0 1 307 2 307 3 307 4 307 5 307 6 307 7 307 8 307 9 307 10 307 11 307 12 307 13 307 14 307 15 307 16 307 17 307 18 307 19 307 20 307
309 0.857801 0.116686 -0.659726 63 63 63 0 1 308 2 308 3 308 4 308 5 308 6 308 7 308 8 308 9 308 10 308 11 308 12 308 13 308 14 308 15 308 16 308 17 308 18 308 19 308 20 308
310 0.115873 0.371253 0.680997 14 14 14 0 1 309 2 309 3 309 4 309 5 309 6 309 7 309 8 309 9 309 10 309 11 309 12 309 13 309 14 309 15 309 16 309 17 309 18 309 19 309 20 309
311 -0.991729 -0.836129 0.462154 63 63 63 0 1 310 2 310 3 310 4 310 5 310 6 310 7 310 8 310 9 310 10 310 11 310 12 310 13 310 14 310 15 310 16 310 17 310 18 310 19 310 20 310
312 -0.085463 0.168410 1.018066 0 0 0 0 1 311 2 311 3 311 4 311 5 311 6 311 7 311 8 311 9 311 10 311 11 311 12 311 13 311 14 311 15 311 16 311 17 311 18 311 19 311 20 311
313 -0.664447 -0.984981 -0.071683 50 50 50 0 1 312 2 312 3 312 4 312 5 312 6 312 7 312 8 312 9 312 10 312 11 312 12 312 13 312 14 312 15 312 16 312 17 312 18 312 19 312 20 312
314 0.277100 -0.712421 0.033122 50 50 50 0 1 313 2 313 3 313 4 313 5 313 6 313 7 313 8 313 9 313 10 313 11 313 12 313 13 313 14 313 15 313 16 313 17 313 18 313 19 313 20 313
315 -0.052709 -0.715911 0.719070 7 7 7 0 1 314 2 314 3 314 4 314 5 314 6 314 7 314 8 314 9 314 10 314 11 314 12 314 13 314 14 314 15 314 16 314 17 314 18 314 19 314 20 314
316 0.890875 0.568582 0.566246 63 63 63 0 1 315 2 315 3 315 4 315 5 315 6 315 7 315 8 315 9 315 10 315 11 315 12 315 13 315 14 315 15 315 16 315 17 315 18 315 19 315 20 315
317 -0.404356 -0.649475 0.633397 44 44 44 0 1 316 2 316 3 316 4 316 5 316 6 316 7 316 8 316 9 316 10 316 11 316 12 316 13 316 14 316 15 316 16 316 17 316 18 316 19 316 20 316
318 0.019021 -0.155616 -1.087019 3 3 3 0 1 317 2 317 3 317 4 317 5 317 6 317 7 317 8 317 9 317 10 317 11 317 12 317 13 317 14 317 15 317 16 317 17 317 18 317 19 317 20 317
319 0.208549 -0.644882 -0.679685 12 12 12 0 1 318 2 318 3 318 4 318 5 318 6 318 7 318 8 318 9 318 10 318 11 318 12 318 13 318 14 318 15 318 16 318 17 318 18 318 19 318 20 318
320 0.838791 -0.329199 -0.148070 76 76 76 0 1 319 2 319 3 319 4 319 5 319 6 319 7 319 8 319 9 319 10 319 11 319 12 319 13 319 14 319 15 319 16 319 17 319 18 319 19 319 20 319
321 0.308781 -0.895422 0.029309 24 24 24 0 1 320 2 320 3 320 4 320 5 320 6 320 7 320 8 320 9 320 10 320 11 320 12 320 13 320 14 320 15 320 16 320 17 320 18 320 19 320 20 320
322 -0.624471 -0.670408 -0.331517 71 71 71 0 1 321 2 321 3 321 4 321 5 321 6 321 7 321 8 321 9 321 10 321 11 321 12 321 13 321 14 321 15 321 16 321 17 321 18 321 19 321 20 321
323 0.181729 -0.342719 -0.983148 18 18 18 0 1 322 2 322 3 322 4 322 5 322 6 322 7 322 8 322 9 322 10 322 11 322 12 322 13 322 14 322 15 322 16 322 17 322 18 322 19 322 20 322
324 -0.307398 -0.375361 1.314209 1 1 1 0 1 323 2 323 3 323 4 323 5 323 6 323 7 323 8 323 9 323 10 323 11 323 12 323 13 323 14 323 15 323 16 323 17 323 18 323 19 323 20 323
325 -0.184757 0.522868 -1.035613 3 3 3 0 1 324 2 324 3 324 4 324 5 324 6 324 7 324 8 324 9 324 10 324 11 324 12 324 13 324 14 324 15 324 16 324 17 324 18 324 19 324 20 324
326 -0.038493 -0.361343 -1.063957 13 13 13 0 1 325 2 325 3 325 4 325 5 325 6 325 7 325 8 325 9 325 10 325 11 325 12 325 13 325 14 325 15 325 16 325 17 325 18 325 19 325 20 325
327 0.590339 -0.022168 1.083557 33 33 33 0 1 326 2 326 3 326 4 326 5 326 6 326 7 326 8 326 9 326 10 326 11 326 12 326 13 326 14 326 15 326 16 326 17 326 18 326 19 326 20 326
328 -0.163332 0.693747 -0.506962 17 17 17 0 1 327 2 327 3 327 4 327 5 327 6 327 7 327 8 327 9 327 10 327 11 327 12 327 13 327 14 327 15 327 16 327 17 327 18 327 19 327 20 327
329 0.697469 -1.030648 -0.170599 57 57 57 0 1 328 2 328 3 328 4 328 5 328 6 328 7 328 8 328 9 328 10 328 11 328 12 328 13 328 14 328 15 328 16 328 17 328 18 328 19 328 20 328
330 0.797841 -0.537479 -0.341748 65 65 65 0 1 329 2 329 3 329 4 329 5 329 6 329 7 329 8 329 9 329 10 329 11 329 12 329 13 329 14 329 15 329 16 329 17 329 18 329 19 329 20 329
331 -0.789995 -0.016244 -0.367986 66 66 66 0 1 330 2 330 3 330 4 330 5 330 6 330 7 330 8 330 9 330 10 330 11 330 12 330 13 330 14 330 15 330 16 330 17 330 18 330 19 330 20 330
332 -0.179465 -0.922223 0.007725 28 28 28 0 1 331 2 331 3 331 4 331 5 331 6 331 7 331 8 331 9 331 10 331 11 331 12 331 13 331 14 331 15 331 16 331 17 331 18 331 19 331 20 331
333 -0.637087 -0.479936 1.300670 5 5 5 0 1 332 2 332 3 332 4 332 5 332 6 332 7 332 8 332 9 332 10 332 11 332 12 332 13 332 14 332 15 332 16 332 17 332 18 332 19 332 20 332
334 0.283010 -0.326410 -1.141634 11 11 11 0 1 333 2 333 3 333 4 333 5 333 6 333 7 333 8 333 9 333 10 333 11 333 12 333 13 333 14 333 15 333 16 333 17 333 18 333 19 333 20 333
335 -0.142215 -0.035743 0.634661 31 31 31 0 1 334 2 334 3 334 4 334 5 334 6 334 7 334 8 334 9 334 10 334 11 334 12 334 13 334 14 334 15 334 16 334 17 334 18 334 19 334 20 334
336 -0.499353 0.498621 0.034959 67 67 67 0 1 335 2 335 3 335 4 335 5 335 6 335 7 335 8 335 9 335 10 335 11 335 12 335 13 335 14 335 15 335 16 335 17 335 18 335 19 335 20 335
337 -0.755466 -0.348953 0.910926 61 61 61 0 1 336 2 336 3 336 4 336 5 336 6 336 7 336 8 336 9 336 10 336 11 336 12 336 13 336 14 336 15 336 16 336 17 336 18 336 19 336 20 336
338 -0.542781 0.202339 0.831428 25 25 25 0 1 337 2 337 3 337 4 337 5 337 6 337 7 337 8 337 9 337 10 337 11 337 12 337 13 337 14 337 15 337 16 337 17 337 18 337 19 337 20 337
339 0.896400 -0.359419 -0.386598 65 65 65 0 1 338 2 338 3 338 4 338 5 338 6 338 7 338 8 338 9 338 10 338 11 338 12 338 13 338 14 338 15 338 16 338 17 338 18 338 19 338 20 338
340 -0.271541 -0.142355 -0.952432 1 1 1 0 1 339 2 339 3 339 4 339 5 339 6 339 7 339 8 339 9 339 10 339 11 339 12 339 13 339 14 339 15 339 16 339 17 339 18 339 19 339 20 339
341 -0.355558 -0.314038 0.488858 31 31 31 0 1 340 2 340 3 340 4 340 5 340 6 340 7 340 8 340 9 340 10 340 11 340 12 340 13 340 14 340 15 340 16 340 17 340 18 340 19 340 20 340
342 -0.991850 0.020805 -0.016681 74 74 74 0 1 341 2 341 3 341 4 341 5 341 6 341 7 341 8 341 9 341 10 341 11 341 12 341 13 341 14 341 15 341 16 341 17 341 18 341 19 341 20 341
343 -0.070530 0.615472 0.901151 1 1 1 0 1 342 2 342 3 342 4 342 5 342 6 342 7 342 8 342 9 342 10 342 11 342 12 342 13 342 14 342 15 342 16 342 17 342 18 342 19 342 20 342
344 0.334013 -0.414482 -0.749936 34 34 34 0 1 343 2 343 3 343 4 343 5 343 6 343 7 343 8 343 9 343 10 343 11 343 12 343 13 343 14 343 15 343 16 343 17 343 18 343 19 343 20 343
345 -0.118572 -0.950316 -0.444698 7 7 7 0 1 344 2 344 3 344 4 344 5 344 6 344 7 344 8 344 9 344 10 344 11 344 12 344 13 344 14 344 15 344 16 344 17 344 18 344 19 344 20 344
346 -1.239044 0.631784 -0.579686 60 60 60 0 1 345 2 345 3 345 4 345 5 345 6 345 7 345 8 345 9 345 10 345 11 345 12 345 13 345 14 345 15 345 16 345 17 345 18 345 19 345 20 345
347 -0.082984 -0.019026 -1.041696 4 4 4 0 1 346 2 346 3 346 4 346 5 346 6 346 7 346 8 346 9 346 10 346 11 346 12 346 13 346 14 346 15 346 16 346 17 346 18 346 19 346 20 346
348 0.329415 0.312960 0.710576 32 32 32 0 1 347 2 347 3 347 4 347 5 347 6 347 7 347 8 347 9 347 10 347 11 347 12 347 13 347 14 347 15 347 16 347 17 347 18 347 19 347 20 347
349 -0.480463 -1.402987 0.458326 16 16 16 0 1 348 2 348 3 348 4 348 5 348 6 348 7 348 8 348 9 348 10 348 11 348 12 348 13 348 14 348 15 348 16 348 17 348 18 348 19 348 20 348
350 0.110536 -0.612083 -0.545861 8 8 8 0 1 349 2 349 3 349 4 349 5 349 6 349 7 349 8 349 9 349 10 349 11 349 12 349 13 349 14 349 15 349 16 349 17 349 18 349 19 349 20 349
351 -0.376131 0.848973 0.086260 33 33 33 0 1 350 2 350 3 350 4 350 5 350 6 350 7 350 8 350 9 350 10 350 11 350 12 350 13 350 14 350 15 350 16 350 17 350 18 350 19 350 20 350
352 0.588515 -0.960850 0.745195 59 59 59 0 1 351 2 351 3 351 4 351 5 351 6 351 7 351 8 351 9 351 10 351 11 351 12 351 13 351 14 351 15 351 16 351 17 351 18 351 19 351 20 351
353 0.385579 -0.497671 -0.802046 38 38 38 0 1 352 2 352 3 352 4 352 5 352 6 352 7 352 8 352 9 352 10 352 11 352 12 352 13 352 14 352 15 352 16 352 17 352 18 352 19 352 20 352
354 -0.077991 -0.222217 0.865555 6 6 6 0 1 353 2 353 3 353 4 353 5 353 6 353 7 353 8 353 9 353 10 353 11 353 12 353 13 353 14 353 15 353 16 353 17 353 18 353 19 353 20 353
355 0.834466 -0.205375 -0.917932 47 47 47 0 1 354 2 354 3 354 4 354 5 354 6 354 7 354 8 354 9 354 10 354 11 354 12 354 13 354 14 354 15 354 16 354 17 354 18 354 19 354 20 354
356 0.388401 0.072001 -0.728855 30 30 30 0 1 355 2 355 3 355 4 355 5 355 6 355 7 355 8 355 9 355 10 355 11 355 12 355 13 355 14 355 15 355 16 355 17 355 18 355 19 355 20 355
357 -0.056932 0.083695 0.658703 14 14 14 0 1 356 2 356 3 356 4 356 5 356 6 356 7 356 8 356 9 356 10 356 11 356 12 356 13 356 14 356 15 356 16 356 17 356 18 356 19 356 20 356
358 1.398845 0.385514 0.170767 64 64 64 0 1 357 2 357 3 357 4 357 5 357 6 357 7 357 8 357 9 357 10 357 11 357 12 357 13 357 14 357 15 357 16 357 17 357 18 357 19 357 20 357
359 -0.263690 -0.081386 0.990091 29 29 29 0 1 358 2 358 3 358 4 358 5 358 6 358 7 358 8 358 9 358 10 358 11 358 12 358 13 358 14 358 15 358 16 358 17 358 18 358 19 358 20 358
360 0.237165 -0.920192 -0.103215 26 26 26 0 1 359 2 359 3 359 4 359 5 359 6 359 7 359 8 359 9 359 10 359 11 359 12 359 13 359 14 359 15 359 16 359 17 359 18 359 19 359 20 359
361 0.840034 -0.969104 0.475983 56 56 56 0 1 360 2 360 3 360 4 360 5 360 6 360 7 360 8 360 9 360 10 360 11 360 12 360 13 360 14 360 15 360 16 360 17 360 18 360 19 360 20 360
362 -0.268449 -0.976525 0.168365 47 47 47 0 1 361 2 361 3 361 4 361 5 361 6 361 7 361 8 361 9 361 10 361 11 361 12 361 13 361 14 361 15 361 16 361 17 361 18 361 19 361 20 361
363 -0.036632 0.046035 -1.251125 0 0 0 0 1 362 2 362 3 362 4 362 5 362 6 362 7 362 8 362 9 362 10 362 11 362 12 362 13 362 14 362 15 362 16 362 17 362 18 362 19 362 20 362
364 0.301922 -0.339065 0.284862 59 59 59 0 1 363 2 363 3 363 4 363 5 363 6 363 7 363 8 363 9 363 10 363 11 363 12 363 13 363 14 363 15 363 16 363 17 363 18 363 19 363 20 363
365 0.070805 0.117997 1.044053 1 1 1 0 1 364 2 364 3 364 4 364 5 364 6 364 7 364 8 364 9 364 10 364 11 364 12 364 13 364 14 364 15 364 16 364 17 364 18 364 19 364 20 364
366 0.486977 -0.893739 0.452517 46 46 46 0 1 365 2 365 3 365 4 365 5 365 6 365 7 365 8 365 9 365 10 365 11 365 12 365 13 365 14 365 15 365 16 365 17 365 18 365 19 365 20 365
367 -0.179092 0.179442 -0.689373 19 19 19 0 1 366 2 366 3 366 4 366 5 366 6 366 7 366 8 366 9 366 10 366 11 366 12 366 13 366 14 366 15 366 16 366 17 366 18 366 19 366 20 366
368 0.047246 -0.533502 -0.668353 35 35 35 0 1 367 2 367 3 367 4 367 5 367 6 367 7 367 8 367 9 367 10 367 11 367 12 367 13 367 14 367 15 367 16 367 17 367 18 367 19 367 20 367
369 0.259166 1.094418 0.307947 17 17 17 0 1 368 2 368 3 368 4 368 5 368 6 368 7 368 8 368 9 368 10 368 11 368 12 368 13 368 14 368 15 368 16 368 17 368 18 368 19 368 20 368
370 -0.519212 -0.321901 0.381871 69 69 69 0 1 369 2 369 3 369 4 369 5 369 6 369 7 369 8 369 9 369 10 369 11 369 12 369 13 369 14 369 15 369 16 369 17 369 18 369 19 369 20 369
371 0.340166 0.699420 0.600192 24 24 24 0 1 370 2 370 3 370 4 370 5 370 6 370 7 370 8 370 9 370 10 370 11 370 12 370 13 370 14 370 15 370 16 370 17 370 18 370 19 370 20 370
372 -0.488239 -0.398223 1.028308 24 24 24 0 1 371 2 371 3 371 4 371 5 371 6 371 7 371 8 371 9 371 10 371 11 371 12 371 13 371 14 371 15 371 16 371 17 371 18 371 19 371 20 371
373 0.777835 -0.337056 -0.671822 54 54 54 0 1 372 2 372 3 372 4 372 5 372 6 372 7 372 8 372 9 372 10 372 11 372 12 372 13 372 14 372 15 372 16 372 17 372 18 372 19 372 20 372
374 0.773077 -0.753396 -0.323303 56 56 56 0 1 373 2 373 3 373 4 373 5 373 6 373 7 373 8 373 9 373 10 373 11 373 12 373 13 373 14 373 15 373 16 373 17 373 18 373 19 373 20 373
375 0.213026 0.351678 1.137658 7 7 7 0 1 374 2 374 3 374 4 374 5 374 6 374 7 374 8 374 9 374 10 374 11 374 12 374 13 374 14 374 15 374 16 374 17 374 18 374 19 374 20 374
376 -0.042339 0.155809 -1.165856 6 6 6 0 1 375 2 375 3 375 4 375 5 375 6 375 7 375 8 375 9 375 10 375 11 375 12 375 13 375 14 375 15 375 16 375 17 375 18 375 19 375 20 375
377 0.563257 0.844253 0.166818 42 42 42 0 1 376 2 376 3 376 4 376 5 376 6 376 7 376 8 376 9 376 10 376 11 376 12 376 13 376 14 376 15 376 16 376 17 376 18 376 19 376 20 376
378 0.531905 -0.859839 0.355119 59 59 59 0 1 377 2 377 3 377 4 377 5 377 6 377 7 377 8 377 9 377 10 377 11 377 12 377 13 377 14 377 15 377 16 377 17 377 18 377 19 377 20 377
379 0.849401 0.177878 -0.103469 73 73 73 0 1 378 2 378 3 378 4 378 5 378 6 378 7 378 8 378 9 378 10 378 11 378 12 378 13 378 14 378 15 378 16 378 17 378 18 378 19 378 20 378
380 -0.331125 -0.926176 -0.079825 25 25 25 0 1 379 2 379 3 379 4 379 5 379 6 379 7 379 8 379 9 379 10 379 11 379 12 379 13 379 14 379 15 379 16 379 17 379 18 379 19 379 20 379
381 0.309491 -1.081386 -0.311471 10 10 10 0 1 380 2 380 3 380 4 380 5 380 6 380 7 380 8 380 9 380 10 380 11 380 12 380 13 380 14 380 15 380 16 380 17 380 18 380 19 380 20 380
382 0.355779 -0.846435 0.390977 25 25 25 0 1 381 2 381 3 381 4 381 5 381 6 381 7 381 8 381 9 381 10 381 11 381 12 381 13 381 14 381 15 381 16 381 17 381 18 381 19 381 20 381
383 0.518708 -0.380822 0.726704 33 33 33 0 1 382 2 382 3 382 4 382 5 382 6 382 7 382 8 382 9 382 10 382 11 382 12 382 13 382 14 382 15 382 16 382 17 382 18 382 19 382 20 382
384 -0.660336 -0.641519 -1.029225 28 28 28 0 1 383 2 383 3 383 4 383 5 383 6 383 7 383 8 383 9 383 10 383 11 383 12 383 13 383 14 383 15 383 16 383 17 383 18 383 19 383 20 383
385 0.429012 0.274063 0.741576 20 20 20 0 1 384 2 384 3 384 4 384 5 384 6 384 7 384 8 384 9 384 10 384 11 384 12 384 13 384 14 384 15 384 16 384 17 384 18 384 19 384 20 384
386 -0.566494 0.677662 0.162446 66 66 66 0 1 385 2 385 3 385 4 385 5 385 6 385 7 385 8 385 9 385 10 385 11 385 12 385 13 385 14 385 15 385 16 385 17 385 18 385 19 385 20 385
387 -0.327422 -0.004360 0.682414 30 30 30 0 1 386 2 386 3 386 4 386 5 386 6 386 7 386 8 386 9 386 10 386 11 386 12 386 13 386 14 386 15 386 16 386 17 386 18 386 19 386 20 386
388 0.514225 0.108515 0.956073 27 27 27 0 1 387 2 387 3 387 4 387 5 387 6 387 7 387 8 387 9 387 10 387 11 387 12 387 13 387 14 387 15 387 16 387 17 387 18 387 19 387 20 387
389 0.306119 -0.597281 0.637591 35 35 35 0 1 388 2 388 3 388 4 388 5 388 6 388 7 388 8 388 9 388 10 388 11 388 12 388 13 388 14 388 15 388 16 388 17 388 18 388 19 388 20 388
390 -0.747959 -0.345672 0.590672 72 72 72 0 1 389 2 389 3 389 4 389 5 389 6 389 7 389 8 389 9 389 10 389 11 389 12 389 13 389 14 389 15 389 16 389 17 389 18 389 19 389 20 389
391 0.073582 0.587845 1.290235 4 4 4 0 1 390 2 390 3 390 4 390 5 390 6 390 7 390 8 390 9 390 10 390 11 390 12 390 13 390 14 390 15 390 16 390 17 390 18 390 19 390 20 390
392 0.068667 -0.299205 -0.781705 9 9 9 0 1 391 2 391 3 391 4 391 5 391 6 391 7 391 8 391 9 391 10 391 11 391 12 391 13 391 14 391 15 391 16 391 17 391 18 391 19 391 20 391
393 0.188226 -0.314499 1.165777 7 7 7 0 1 392 2 392 3 392 4 392 5 392 6 392 7 392 8 392 9 392 10 392 11 392 12 392 13 392 14 392 15 392 16 392 17 392 18 392 19 392 20 392
394 -0.256131 -0.363473 0.789217 16 16 16 0 1 393 2 393 3 393 4 393 5 393 6 393 7 393 8 393 9 393 10 393 11 393 12 393 13 393 14 393 15 393 16 393 17 393 18 393 19 393 20 393
395 -0.097688 0.196179 0.847960 12 12 12 0 1 394 2 394 3 394 4 394 5 394 6 394 7 394 8 394 9 394 10 394 11 394 12 394 13 394 14 394 15 394 16 394 17 394 18 394 19 394 20 394
396 -0.030991 0.563800 -0.589795 9 9 9 0 1 395 2 395 3 395 4 395 5 395 6 395 7 395 8 395 9 395 10 395 11 395 12 395 13 395 14 395 15 395 16 395 17 395 18 395 19 395 20 395
397 0.484146 -0.249926 0.682600 21 21 21 0 1 396 2 396 3 396 4 396 5 396 6 396 7 396 8 396 9 396 10 396 11 396 12 396 13 396 14 396 15 396 16 396 17 396 18 396 19 396 20 396
398 0.588642 -0.332912 0.739749 36 36 36 0 1 397 2 397 3 397 4 397 5 397 6 397 7 397 8 397 9 397 10 397 11 397 12 397 13 397 14 397 15 397 16 397 17 397 18 397 19 397 20 397
399 0.653874 0.550804 0.118284 43 43 43 0 1 398 2 398 3 398 4 398 5 398 6 398 7 398 8 398 9 398 10 398 11 398 12 398 13 398 14 398 15 398 16 398 17 398 18 398 19 398 20 398
400 0.333050 -0.593000 0.825335 7 7 7 0 1 399 2 399 3 399 4 399 5 399 6 399 7 399 8 399 9 399 10 399 11 399 12 399 13 399 14 399 15 399 16 399 17 399 18 399 19 399 20 399
401 -1.029941 0.155893 -0.087296 80 80 80 0 1 400 2 400 3 400 4 400 5 400 6 400 7 400 8 400 9 400 10 400 11 400 12 400 13 400 14 400 15 400 16 400 17 400 18 400 19 400 20 400
402 1.081773 0.103595 0.321655 70 70 70 0 1 401 2 401 3 401 4 401 5 401 6 401 7 401 8 401 9 401 10 401 11 401 12 401 13 401 14 401 15 401 16 401 17 401 18 401 19 401 20 401
403 -0.957609 0.572645 -0.190792 69 69 69 0 1 402 2 402 3 402 4 402 5 402 6 402 7 402 8 402 9 402 10 402 11 402 12 402 13 402 14 402 15 402 16 402 17 402 18 402 19 402 20 402
404 -0.202560 0.422252 -0.844297 27 27 27 0 1 403 2 403 3 403 4 403 5 403 6 403 7 403 8 403 9 403 10 403 11 403 12 403 13 403 14 403 15 403 16 403 17 403 18 403 19 403 20 403
405 -0.117808 0.059276 1.051471 7 7 7 0 1 404 2 404 3 404 4 404 5 404 6 404 7 404 8 404 9 404 10 404 11 404 12 404 13 404 14 404 15 404 16 404 17 404 18 404 19 404 20 404
406 -0.961150 0.023839 0.036314 79 79 79 0 1 405 2 405 3 405 4 405 5 405 6 405 7 405 8 405 9 405 10 405 11 405 12 405 13 405 14 405 15 405 16 405 17 405 18 405 19 405 20 405
407 1.087760 0.618025 -0.403778 68 68 68 0 1 406 2 406 3 406 4 406 5 406 6 406 7 406 8 406 9 406 10 406 11 406 12 406 13 406 14 406 15 406 16 406 17 406 18 406 19 406 20 406
408 0.521135 0.668854 0.258907 41 41 41 0 1 407 2 407 3 407 4 407 5 407 6 407 7 407 8 407 9 407 10 407 11 407 12 407 13 407 14 407 15 407 16 407 17 407 18 407 19 407 20 407
409 -0.472401 -0.406218 -0.720938 41 41 41 0 1 408 2 408 3 408 4 408 5 408 6 408 7 408 8 408 9 408 10 408 11 408 12 408 13 408 14 408 15 408 16 408 17 408 18 408 19 408 20 408
410 0.579314 0.703810 -0.382932 30 30 30 0 1 409 2 409 3 409 4 409 5 409 6 409 7 409 8 409 9 409 10 409 11 409 12 409 13 409 14 409 15 409 16 409 17 409 18 409 19 409 20 409
411 0.051542 1.360222 -0.255372 33 33 33 0 1 410 2 410 3 410 4 410 5 410 6 410 7 410 8 410 9 410 10 410 11 410 12 410 13 410 14 410 15 410 16 410 17 410 18 410 19 410 20 410
412 -0.148471 -0.805675 -0.792373 12 12 12 0 1 411 2 411 3 411 4 411 5 411 6 411 7 411 8 411 9 411 10 411 11 411 12 411 13 411 14 411 15 411 16 411 17 411 18 411 19 411 20 411
413 0.321517 0.807060 -0.109587 24 24 24 0 1 412 2 412 3 412 4 412 5 412 6 412 7 412 8 412 9 412 10 412 11 412 12 412 13 412 14 412 15 412 16 412 17 412 18 412 19 412 20 412
414 0.270297 0.145180 0.962063 2 2 2 0 1 413 2 413 3 413 4 413 5 413 6 413 7 413 8 413 9 413 10 413 11 413 12 413 13 413 14 413 15 413 16 413 17 413 18 413 19 413 20 413
415 0.400468 -1.029230 -0.712162 23 23 23 0 1 414 2 414 3 414 4 414 5 414 6 414 7 414 8 414 9 414 10 414 11 414 12 414 13 414 14 414 15 414 16 414 17 414 18 414 19 414 20 414
416 0.128574 0.229361 -0.737465 11 11 11 0 1 415 2 415 3 415 4 415 5 415 6 415 7 415 8 415 9 415 10 415 11 415 12 415 13 415 14 415 15 415 16 415 17 415 18 415 19 415 20 415
417 -0.033971 0.107470 1.276407 4 4 4 0 1 416 2 416 3 416 4 416 5 416 6 416 7 416 8 416 9 416 10 416 11 416 12 416 13 416 14 416 15 416 16 416 17 416 18 416 19 416 20 416
418 -0.005056 -0.667193 -0.531313 2 2 2 0 1 417 2 417 3 417 4 417 5 417 6 417 7 417 8 417 9 417 10 417 11 417 12 417 13 417 14 417 15 417 16 417 17 417 18 417 19 417 20 417
419 -0.970489 0.244012 -0.435363 67 67 67 0 1 418 2 418 3 418 4 418 5 418 6 418 7 418 8 418 9 418 10 418 11 418 12 418 13 418 14 418 15 418 16 418 17 418 18 418 19 418 20 418
420 0.098519 0.291093 1.092175 12 12 12 0 1 419 2 419 3 419 4 419 5 419 6 419 7 419 8 419 9 419 10 419 11 419 12 419 13 419 14 419 15 419 16 419 17 419 18 419 19 419 20 419
421 0.580742 0.140140 0.922665 30 30 30 0 1 420 2 420 3 420 4 420 5 420 6 420 7 420 8 420 9 420 10 420 11 420 12 420 13 420 14 420 15 420 16 420 17 420 18 420 19 420 20 420
422 0.468661 0.393386 0.779723 35 35 35 0 1 421 2 421 3 421 4 421 5 421 6 421 7 421 8 421 9 421 10 421 11 421 12 421 13 421 14 421 15 421 16 421 17 421 18 421 19 421 20 421
423 0.126691 0.335629 1.337518 2 2 2 0 1 422 2 422 3 422 4 422 5 422 6 422 7 422 8 422 9 422 10 422 11 422 12 422 13 422 14 422 15 422 16 422 17 422 18 422 19 422 20 422
424 0.159655 0.624051 0.614646 8 8 8 0 1 423 2 423 3 423 4 423 5 423 6 423 7 423 8 423 9 423 10 423 11 423 12 423 13 423 14 423 15 423 16 423 17 423 18 423 19 423 20 423
425 -0.979066 -0.299395 -0.047964 79 79 79 0 1 424 2 424 3 424 4 424 5 424 6 424 7 424 8 424 9 424 10 424 11 424 12 424 13 424 14 424 15 424 16 424 17 424 18 424 19 424 20 424
426 0.756296 0.550640 -0.525026 70 70 70 0 1 425 2 425 3 425 4 425 5 425 6 425 7 425 8 425 9 425 10 425 11 425 12 425 13 425 14 425 15 425 16 425 17 425 18 425 19 425 20 425
427 0.039940 0.218567 -0.916716 5 5 5 0 1 426 2 426 3 426 4 426 5 426 6 426 7 426 8 426 9 426 10 426 11 426 12 426 13 426 14 426 15 426 16 426 17 426 18 426 19 426 20 426
428 0.615689 0.529969 -0.225703 25 25 25 0 1 427 2 427 3 427 4 427 5 427 6 427 7 427 8 427 9 427 10 427 11 427 12 427 13 427 14 427 15 427 16 427 17 427 18 427 19 427 20 427
429 -0.336529 -0.068128 -0.807529 26 26 26 0 1 428 2 428 3 428 4 428 5 428 6 428 7 428 8 428 9 428 10 428 11 428 12 428 13 428 14 428 15 428 16 428 17 428 18 428 19 428 20 428
430 -0.524213 0.667783 0.915342 25 25 25 0 1 429 2 429 3 429 4 429 5 429 6 429 7 429 8 429 9 429 10 429 11 429 12 429 13 429 14 429 15 429 16 429 17 429 18 429 19 429 20 429
431 0.498881 -0.481207 -0.862699 25 25 25 0 1 430 2 430 3 430 4 430 5 430 6 430 7 430 8 430 9 430 10 430 11 430 12 430 13 430 14 430 15 430 16 430 17 430 18 430 19 430 20 430
432 -0.582971 0.228315 -1.021232 36 36 36 0 1 431 2 431 3 431 4 431 5 431 6 431 7 431 8 431 9 431 10 431 11 431 12 431 13 431 14 431 15 431 16 431 17 431 18 431 19 431 20 431
433 -0.836516 -0.497630 0.711635 53 53 53 0 1 432 2 432 3 432 4 432 5 432 6 432 7 432 8 432 9 432 10 432 11 432 12 432 13 432 14 432 15 432 16 432 17 432 18 432 19 432 20 432
434 -0.415335 -0.221848 -1.013793 41 41 41 0 1 433 2 433 3 433 4 433 5 433 6 433 7 433 8 433 9 433 10 433 11 433 12 433 13 433 14 433 15 433 16 433 17 433 18 433 19 433 20 433
435 -0.082897 0.780556 0.242940 8 8 8 0 1 434 2 434 3 434 4 434 5 434 6 434 7 434 8 434 9 434 10 434 11 434 12 434 13 434 14 434 15 434 16 434 17 434 18 434 19 434 20 434
436 -0.205044 -0.396396 0.950278 15 15 15 0 1 435 2 435 3 435 4 435 5 435 6 435 7 435 8 435 9 435 10 435 11 435 12 435 13 435 14 435 15 435 16 435 17 435 18 435 19 435 20 435
437 -0.261252 -0.960994 -0.213229 28 28 28 0 1 436 2 436 3 436 4 436 5 436 6 436 7 436 8 436 9 436 10 436 11 436 12 436 13 436 14 436 15 436 16 436 17 436 18 436 19 436 20 436
438 0.533167 0.473323 -0.952728 21 21 21 0 1 437 2 437 3 437 4 437 5 437 6 437 7 437 8 437 9 437 10 437 11 437 12 437 13 437 14 437 15 437 16 437 17 437 18 437 19 437 20 437
439 0.391664 0.149361 0.865350 15 15 15 0 1 438 2 438 3 438 4 438 5 438 6 438 7 438 8 438 9 438 10 438 11 438 12 438 13 438 14 438 15 438 16 438 17 438 18 438 19 438 20 438
440 -0.547780 0.480918 0.834202 39 39 39 0 1 439 2 439 3 439 4 439 5 439 6 439 7 439 8 439 9 439 10 439 11 439 12 439 13 439 14 439 15 439 16 439 17 439 18 439 19 439 20 439
441 0.337958 1.113029 0.343157 22 22 22 0 1 440 2 440 3 440 4 440 5 440 6 440 7 440 8 440 9 440 10 440 11 440 12 440 13 440 14 440 15 440 16 440 17 440 18 440 19 440 20 440
442 -0.463449 -0.604122 0.116200 37 37 37 0 1 441 2 441 3 441 4 441 5 441 6 441 7 441 8 441 9 441 10 441 11 441 12 441 13 441 14 441 15 441 16 441 17 441 18 441 19 441 20 441
443 -0.523965 0.544141 0.515089 54 54 54 0 1 442 2 442 3 442 4 442 5 442 6 442 7 442 8 442 9 442 10 442 11 442 12 442 13 442 14 442 15 442 16 442 17 442 18 442 19 442 20 442
444 0.281727 -0.405755 -0.750853 26 26 26 0 1 443 2 443 3 443 4 443 5 443 6 443 7 443 8 443 9 443 10 443 11 443 12 443 13 443 14 443 15 443 16 443 17 443 18 443 19 443 20 443
445 0.027929 0.729691 0.410981 7 7 7 0 1 444 2 444 3 444 4 444 5 444 6 444 7 444 8 444 9 444 10 444 11 444 12 444 13 444 14 444 15 444 16 444 17 444 18 444 19 444 20 444
446 -0.139431 1.032950 -0.862716 13 13 13 0 1 445 2 445 3 445 4 445 5 445 6 445 7 445 8 445 9 445 10 445 11 445 12 445 13 445 14 445 15 445 16 445 17 445 18 445 19 445 20 445
447 -0.094838 -0.028973 1.026477 0 0 0 0 1 446 2 446 3 446 4 446 5 446 6 446 7 446 8 446 9 446 10 446 11 446 12 446 13 446 14 446 15 446 16 446 17 446 18 446 19 446 20 446
448 0.066221 0.415814 -0.923891 30 30 30 0 1 447 2 447 3 447 4 447 5 447 6 447 7 447 8 447 9 447 10 447 11 447 12 447 13 447 14 447 15 447 16 447 17 447 18 447 19 447 20 447
449 0.088859 -1.207695 0.063871 36 36 36 0 1 448 2 448 3 448 4 448 5 448 6 448 7 448 8 448 9 448 10 448 11 448 12 448 13 448 14 448 15 448 16 448 17 448 18 448 19 448 20 448
450 0.454429 -0.063095 0.898271 35 35 35 0 1 449 2 449 3 449 4 449 5 449 6 449 7 449 8 449 9 449 10 449 11 449 12 449 13 449 14 449 15 449 16 449 17 449 18 449 19 449 20 449
451 1.299626 0.243792 -0.051177 79 79 79 0 1 450 2 450 3 450 4 450 5 450 6 450 7 450 8 450 9 450 10 450 11 450 12 450 13 450 14 450 15 450 16 450 17 450 18 450 19 450 20 450
452 0.651352 -0.480608 0.122416 53 53 53 0 1 451 2 451 3 451 4 451 5 451 6 451 7 451 8 451 9 451 10 451 11 451 12 451 13 451 14 451 15 451 16 451 17 451 18 451 19 451 20 451
453 -0.426984 0.248672 -1.144847 27 27 27 0 1 452 2 452 3 452 4 452 5 452 6 452 7 452 8 452 9 452 10 452 11 452 12 452 13 452 14 452 15 452 16 452 17 452 18 452 19 452 20 452
454 -0.557387 -1.026534 0.294743 36 36 36 0 1 453 2 453 3 453 4 453 5 453 6 453 7 453 8 453 9 453 10 453 11 453 12 453 13 453 14 453 15 453 16 453 17 453 18 453 19 453 20 453
455 0.355788 -0.233943 0.806138 29 29 29 0 1 454 2 454 3 454 4 454 5 454 6 454 7 454 8 454 9 454 10 454 11 454 12 454 13 454 14 454 15 454 16 454 17 454 18 454 19 454 20 454
456 -0.530972 0.379279 0.736572 41 41 41 0 1 455 2 455 3 455 4 455 5 455 6 455 7 455 8 455 9 455 10 455 11 455 12 455 13 455 14 455 15 455 16 455 17 455 18 455 19 455 20 455
457 -0.930349 -0.466765 0.205048 65 65 65 0 1 456 2 456 3 456 4 456 5 456 6 456 7 456 8 456 9 456 10 456 11 456 12 456 13 456 14 456 15 456 16 456 17 456 18 456 19 456 20 456
458 -0.972266 0.481178 -0.149685 56 56 56 0 1 457 2 457 3 457 4 457 5 457 6 457 7 457 8 457 9 457 10 457 11 457 12 457 13 457 14 457 15 457 16 457 17 457 18 457 19 457 20 457
459 0.013675 -0.346901 0.693813 32 32 32 0 1 458 2 458 3 458 4 458 5 458 6 458 7 458 8 458 9 458 10 458 11 458 12 458 13 458 14 458 15 458 16 458 17 458 18 458 19 458 20 458
460 -0.450119 0.247148 1.028428 36 36 36 0 1 459 2 459 3 459 4 459 5 459 6 459 7 459 8 459 9 459 10 459 11 459 12 459 13 459 14 459 15 459 16 459 17 459 18 459 19 459 20 459
461 -0.798113 -0.791356 -0.078592 51 51 51 0 1 460 2 460 3 460 4 460 5 460 6 460 7 460 8 460 9 460 10 460 11 460 12 460 13 460 14 460 15 460 16 460 17 460 18 460 19 460 20 460
462 0.223631 0.172952 -0.786207 37 37 37 0 1 461 2 461 3 461 4 461 5 461 6 461 7 461 8 461 9 461 10 461 11 461 12 461 13 461 14 461 15 461 16 461 17 461 18 461 19 461 20 461
463 0.187454 0.774411 0.421039 4 4 4 0 1 462 2 462 3 462 4 462 5 462 6 462 7 462 8 462 9 462 10 462 11 462 12 462 13 462 14 462 15 462 16 462 17 462 18 462 19 462 20 462
464 -0.081045 -0.228733 -0.584850 7 7 7 0 1 463 2 463 3 463 4 463 5 463 6 463 7 463 8 463 9 463 10 463 11 463 12 463 13 463 14 463 15 463 16 463 17 463 18 463 19 463 20 463
465 0.510755 -0.247759 0.653816 19 19 19 0 1 464 2 464 3 464 4 464 5 464 6 464 7 464 8 464 9 464 10 464 11 464 12 464 13 464 14 464 15 464 16 464 17 464 18 464 19 464 20 464
466 -0.279875 -0.901941 0.598921 53 53 53 0 1 465 2 465 3 465 4 465 5 465 6 465 7 465 8 465 9 465 10 465 11 465 12 465 13 465 14 465 15 465 16 465 17 465 18 465 19 465 20 465
467 0.276318 0.382227 -0.875447 29 29 29 0 1 466 2 466 3 466 4 466 5 466 6 466 7 466 8 466 9 466 10 466 11 466 12 466 13 466 14 466 15 466 16 466 17 466 18 466 19 466 20 466
468 0.596798 -0.458008 -0.976395 42 42 42 0 1 467 2 467 3 467 4 467 5 467 6 467 7 467 8 467 9 467 10 467 11 467 12 467 13 467 14 467 15 467 16 467 17 467 18 467 19 467 20 467
469 0.401867 -0.196712 -1.121529 3 3 3 0 1 468 2 468 3 468 4 468 5 468 6 468 7 468 8 468 9 468 10 468 11 468 12 468 13 468 14 468 15 468 16 468 17 468 18 468 19 468 20 468
470 -0.205112 -0.497579 -0.900940 28 28 28 0 1 469 2 469 3 469 4 469 5 469 6 469 7 469 8 469 9 469 10 469 11 469 12 469 13 469 14 469 15 469 16 469 17 469 18 469 19 469 20 469
471 0.735717 1.059081 0.427681 49 49 49 0 1 470 2 470 3 470 4 470 5 470 6 470 7 470 8 470 9 470 10 470 11 470 12 470 13 470 14 470 15 470 16 470 17 470 18 470 19 470 20 470
472 0.094668 0.277111 0.523195 30 30 30 0 1 471 2 471 3 471 4 471 5 471 6 471 7 471 8 471 9 471 10 471 11 471 12 471 13 471 14 471 15 471 16 471 17 471 18 471 19 471 20 471
473 -0.954582 0.171918 -0.524897 68 68 68 0 1 472 2 472 3 472 4 472 5 472 6 472 7 472 8 472 9 472 10 472 11 472 12 472 13 472 14 472 15 472 16 472 17 472 18 472 19 472 20 472
474 -0.631879 -0.662159 -0.188936 61 61 61 0 1 473 2 473 3 473 4 473 5 473 6 473 7 473 8 473 9 473 10 473 11 473 12 473 13 473 14 473 15 473 16 473 17 473 18 473 19 473 20 473
475 -0.020525 -0.174612 -0.665387 18 18 18 0 1 474 2 474 3 474 4 474 5 474 6 474 7 474 8 474 9 474 10 474 11 474 12 474 13 474 14 474 15 474 16 474 17 474 18 474 19 474 20 474
476 0.550361 -0.043445 0.406072 74 74 74 0 1 475 2 475 3 475 4 475 5 475 6 475 7 475 8 475 9 475 10 475 11 475 12 475 13 475 14 475 15 475 16 475 17 475 18 475 19 475 20 475
477 0.283819 0.381572 0.795908 26 26 26 0 1 476 2 476 3 476 4 476 5 476 6 476 7 476 8 476 9 476 10 476 11 476 12 476 13 476 14 476 15 476 16 476 17 476 18 476 19 476 20 476
478 0.164102 -0.576164 0.892806 12 12 12 0 1 477 2 477 3 477 4 477 5 477 6 477 7 477 8 477 9 477 10 477 11 477 12 477 13 477 14 477 15 477 16 477 17 477 18 477 19 477 20 477
479 -0.008770 -0.455427 -0.858919 15 15 15 0 1 478 2 478 3 478 4 478 5 478 6 478 7 478 8 478 9 478 10 478 11 478 12 478 13 478 14 478 15 478 16 478 17 478 18 478 19 478 20 478
480 0.510159 -0.312166 -0.557568 43 43 43 0 1 479 2 479 3 479 4 479 5 479 6 479 7 479 8 479 9 479 10 479 11 479 12 479 13 479 14 479 15 479 16 479 17 479 18 479 19 479 20 479
481 -0.637336 0.642783 0.024391 63 63 63 0 1 480 2 480 3 480 4 480 5 480 6 480 7 480 8 480 9 480 10 480 11 480 12 480 13 480 14 480 15 480 16 480 17 480 18 480 19 480 20 480
482 -0.211380 -0.856182 -0.641368 14 14 14 0 1 481 2 481 3 481 4 481 5 481 6 481 7 481 8 481 9 481 10 481 11 481 12 481 13 481 14 481 15 481 16 481 17 481 18 481 19 481 20 481
483 -0.430604 -0.138845 -0.900229 51 51 51 0 1 482 2 482 3 482 4 482 5 482 6 482 7 482 8 482 9 482 10 482 11 482 12 482 13 482 14 482 15 482 16 482 17 482 18 482 19 482 20 482
484 1.173108 0.412822 -0.108852 70 70 70 0 1 483 2 483 3 483 4 483 5 483 6 483 7 483 8 483 9 483 10 483 11 483 12 483 13 483 14 483 15 483 16 483 17 483 18 483 19 483 20 483
485 -0.475982 -1.337228 0.253804 23 23 23 0 1 484 2 484 3 484 4 484 5 484 6 484 7 484 8 484 9 484 10 484 11 484 12 484 13 484 14 484 15 484 16 484 17 484 18 484 19 484 20 484
486 -0.417287 -0.678214 0.789454 23 23 23 0 1 485 2 485 3 485 4 485 5 485 6 485 7 485 8 485 9 485 10 485 11 485 12 485 13 485 14 485 15 485 16 485 17 485 18 485 19 485 20 485
487 -0.687942 0.148977 0.140978 77 77 77 0 1 486 2 486 3 486 4 486 5 486 6 486 7 486 8 486 9 486 10 486 11 486 12 486 13 486 14 486 15 486 16 486 17 486 18 486 19 486 20 486
488 -0.342959 -0.452036 -0.922139 13 13 13 0 1 487 2 487 3 487 4 487 5 487 6 487 7 487 8 487 9 487 10 487 11 487 12 487 13 487 14 487 15 487 16 487 17 487 18 487 19 487 20 487
489 0.408489 0.733053 0.422754 29 29 29 0 1 488 2 488 3 488 4 488 5 488 6 488 7 488 8 488 9 488 10 488 11 488 12 488 13 488 14 488 15 488 16 488 17 488 18 488 19 488 20 488
490 -0.855764 0.341249 -0.070549 76 76 76 0 1 489 2 489 3 489 4 489 5 489 6 489 7 489 8 489 9 489 10 489 11 489 12 489 13 489 14 489 15 489 16 489 17 489 18 489 19 489 20 489
491 0.556860 -0.470346 -0.250073 48 48 48 0 1 490 2 490 3 490 4 490 5 490 6 490 7 490 8 490 9 490 10 490 11 490 12 490 13 490 14 490 15 490 16 490 17 490 18 490 19 490 20 490
492 0.387560 -0.330515 0.812762 31 31 31 0 1 491 2 491 3 491 4 491 5 491 6 491 7 491 8 491 9 491 10 491 11 491 12 491 13 491 14 491 15 491 16 491 17 491 18 491 19 491 20 491
493 -0.608185 -0.073680 0.429980 43 43 43 0 1 492 2 492 3 492 4 492 5 492 6 492 7 492 8 492 9 492 10 492 11 492 12 492 13 492 14 492 15 492 16 492 17 492 18 492 19 492 20 492
494 -0.077151 -0.882262 0.517975 44 44 44 0 1 493 2 493 3 493 4 493 5 493 6 493 7 493 8 493 9 493 10 493 11 493 12 493 13 493 14 493 15 493 16 493 17 493 18 493 19 493 20 493
495 0.064319 -0.374926 -0.972997 7 7 7 0 1 494 2 494 3 494 4 494 5 494 6 494 7 494 8 494 9 494 10 494 11 494 12 494 13 494 14 494 15 494 16 494 17 494 18 494 19 494 20 494
496 0.134159 -0.106041 -0.936861 1 1 1 0 1 495 2 495 3 495 4 495 5 495 6 495 7 495 8 495 9 495 10 495 11 495 12 495 13 495 14 495 15 495 16 495 17 495 18 495 19 495 20 495
497 0.000798 0.067610 0.930800 11 11 11 0 1 496 2 496 3 496 4 496 5 496 6 496 7 496 8 496 9 496 10 496 11 496 12 496 13 496 14 496 15 496 16 496 17 496 18 496 19 496 20 496
498 0.038322 0.021568 -0.838151 9 9 9 0 1 497 2 497 3 497 4 497 5 497 6 497 7 497 8 497 9 497 10 497 11 497 12 497 13 497 14 497 15 497 16 497 17 497 18 497 19 497 20 497
499 -0.288033 0.379254 -0.753846 26 26 26 0 1 498 2 498 3 498 4 498 5 498 6 498 7 498 8 498 9 498 10 498 11 498 12 498 13 498 14 498 15 498 16 498 17 498 18 498 19 498 20 498
500 -0.351471 -0.904012 0.105071 32 32 32 0 1 499 2 499 3 499 4 499 5 499 6 499 7 499 8 499 9 499 10 499 11 499 12 499 13 499 14 499 15 499 16 499 17 499 18 499 19 499 20 499
